dataset,total,correct,false_positive,false_negative,reject_levels,level_weights,time,pre_processing_time
yale,165,165,1,0,"[array([25], dtype=int32), array([25], dtype=int32), array([25], dtype=int32), array([25], dtype=int32), array([25], dtype=int32), array([25], dtype=int32), array([25], dtype=int32), array([25], dtype=int32), array([25], dtype=int32), array([25], dtype=int32), array([25], dtype=int32), array([25], dtype=int32), array([25], dtype=int32), array([25], dtype=int32), array([25], dtype=int32), array([25], dtype=int32), array([25], dtype=int32), array([25], dtype=int32), array([25], dtype=int32), array([25], dtype=int32), array([25], dtype=int32), array([25], dtype=int32), array([25], dtype=int32), array([25], dtype=int32), array([25], dtype=int32), array([25], dtype=int32), array([25], dtype=int32), array([25], dtype=int32), array([25], dtype=int32), array([25], dtype=int32), array([25], dtype=int32), array([25], dtype=int32), array([25], dtype=int32), array([25], dtype=int32), array([25], dtype=int32), array([25], dtype=int32), array([25], dtype=int32), array([25], dtype=int32), array([25], dtype=int32), array([25], dtype=int32), array([25], dtype=int32), array([25], dtype=int32), array([25], dtype=int32), array([25], dtype=int32), array([25], dtype=int32), array([25], dtype=int32), array([25], dtype=int32), array([25], dtype=int32), array([25], dtype=int32), array([25], dtype=int32), array([25], dtype=int32), array([25], dtype=int32), array([25], dtype=int32), array([25], dtype=int32), array([25], dtype=int32), array([25], dtype=int32), array([25], dtype=int32), array([25], dtype=int32), array([25], dtype=int32), array([25], dtype=int32), array([25], dtype=int32), array([25], dtype=int32), array([25], dtype=int32), array([25], dtype=int32), array([25], dtype=int32), array([25], dtype=int32), array([25], dtype=int32), array([25], dtype=int32), array([25], dtype=int32), array([25], dtype=int32), array([25], dtype=int32), array([25], dtype=int32), array([25], dtype=int32), array([25], dtype=int32), array([25], dtype=int32), array([25], dtype=int32), array([25], dtype=int32), array([25], dtype=int32), array([25], dtype=int32), array([25], dtype=int32), array([25], dtype=int32), array([25], dtype=int32), array([25], dtype=int32), array([25], dtype=int32), array([25], dtype=int32), array([25], dtype=int32), array([25], dtype=int32), array([25], dtype=int32), array([25], dtype=int32), array([25], dtype=int32), array([25], dtype=int32), array([25], dtype=int32), array([25], dtype=int32), array([25], dtype=int32), array([25], dtype=int32), array([25], dtype=int32), array([25], dtype=int32), array([25], dtype=int32), array([25], dtype=int32), array([25], dtype=int32), array([25], dtype=int32), array([25], dtype=int32), array([25], dtype=int32), array([25], dtype=int32), array([25], dtype=int32), array([25], dtype=int32), array([25], dtype=int32), array([25], dtype=int32), array([25], dtype=int32), array([25], dtype=int32), array([25], dtype=int32), array([25], dtype=int32), array([25], dtype=int32), array([25], dtype=int32), array([25], dtype=int32), array([25], dtype=int32), array([25], dtype=int32), array([25], dtype=int32), array([25], dtype=int32), array([25], dtype=int32), array([25], dtype=int32), array([25], dtype=int32), array([25], dtype=int32), array([25], dtype=int32), array([25], dtype=int32), array([25], dtype=int32), array([25], dtype=int32), array([25], dtype=int32), array([25], dtype=int32), array([25], dtype=int32), array([25], dtype=int32), array([25], dtype=int32), array([25], dtype=int32), array([25], dtype=int32), array([25], dtype=int32), array([25], dtype=int32), array([25], dtype=int32), array([25], dtype=int32), array([25], dtype=int32), array([25], dtype=int32), array([25], dtype=int32), array([25], dtype=int32), array([25], dtype=int32), array([25], dtype=int32), array([25], dtype=int32), array([25], dtype=int32), array([25], dtype=int32), array([25], dtype=int32), array([25], dtype=int32), array([25], dtype=int32), array([25], dtype=int32), array([25], dtype=int32), array([25], dtype=int32), array([25], dtype=int32), array([25], dtype=int32), array([25], dtype=int32), array([25], dtype=int32), array([25], dtype=int32), array([25], dtype=int32), array([25], dtype=int32), array([25], dtype=int32), array([25], dtype=int32), array([25], dtype=int32), array([25], dtype=int32), array([25], dtype=int32)]","[array([5.06162505]), array([10.68236405]), array([13.79277208]), array([10.50228513]), array([8.04645699]), array([9.19226202]), array([7.26021795]), array([6.99110009]), array([6.75035212]), array([10.6365951]), array([15.49664507]), array([10.35382395]), array([4.91925307]), array([4.28354905]), array([11.67825498]), array([9.14521808]), array([5.17572598]), array([8.44491701]), array([12.81776805]), array([9.86114213]), array([8.76765899]), array([5.49617319]), array([10.32290207]), array([10.38677099]), array([11.92541709]), array([7.41645004]), array([15.46975008]), array([8.3187231]), array([6.82888298]), array([8.98872703]), array([7.49112207]), array([7.37105495]), array([10.53205306]), array([6.65803006]), array([11.47969208]), array([10.80349814]), array([12.61382605]), array([8.06706703]), array([8.01360707]), array([12.56946508]), array([5.73765399]), array([8.44717901]), array([7.17319712]), array([7.56491907]), array([9.89787198]), array([8.80581112]), array([11.88706393]), array([10.68236405]), array([13.74122919]), array([14.16439704]), array([7.22641804]), array([8.34887608]), array([13.11294202]), array([9.56414712]), array([7.55900295]), array([13.58952306]), array([12.32833813]), array([7.92079901]), array([6.02238304]), array([4.85009008]), array([12.01260002]), array([12.01260002]), array([7.97455402]), array([11.12819507]), array([10.78284304]), array([10.99493298]), array([5.13964895]), array([8.97114709]), array([12.76259302]), array([8.74856318]), array([11.79960609]), array([10.41695399]), array([8.15234498]), array([9.63538788]), array([9.93241505]), array([13.31267103]), array([10.31319493]), array([9.21194099]), array([11.48692208]), array([11.41386199]), array([9.35650918]), array([4.77843305]), array([6.91600409]), array([15.3830661]), array([10.60607693]), array([10.20812622]), array([10.55828111]), array([9.4414051]), array([11.05797408]), array([11.47953116]), array([5.66986898]), array([8.90442705]), array([9.43676605]), array([10.86604597]), array([8.35894197]), array([8.49605009]), array([10.35382395]), array([12.05164708]), array([10.06222419]), array([7.10406407]), array([12.241576]), array([8.36783211]), array([6.64953107]), array([8.34434808]), array([5.46129201]), array([15.44529408]), array([11.64388012]), array([11.27816198]), array([8.5345461]), array([8.5345461]), array([8.78518501]), array([9.14521808]), array([8.55102505]), array([8.808407]), array([9.0159411]), array([12.48615691]), array([7.33678808]), array([9.15683312]), array([7.40523019]), array([7.80372215]), array([10.12530904]), array([6.15555905]), array([13.62297014]), array([8.01459908]), array([3.86289014]), array([8.66354609]), array([10.54917694]), array([6.0107041]), array([8.44491701]), array([10.72992506]), array([10.0225681]), array([7.41645004]), array([10.61797516]), array([12.30493315]), array([11.70759812]), array([10.0298271]), array([10.38677099]), array([6.4900391]), array([13.51276809]), array([11.92371199]), array([8.03790305]), array([8.77064807]), array([9.66336711]), array([10.00122203]), array([8.00438303]), array([3.8727411]), array([8.70498809]), array([11.98191801]), array([10.43504105]), array([11.63726624]), array([12.04865413]), array([8.24783505]), array([12.802015]), array([11.60224599]), array([5.40027207]), array([10.46117321]), array([9.58515004]), array([5.49252214]), array([8.92935498]), array([13.11294202]), array([11.57526515]), array([5.2111271]), array([12.22406398]), array([9.40997304]), array([9.12865208])]","[0.06192593, 0.058775291, 0.061306749, 0.056711387, 0.044254233, 0.068482198, 0.052183485, 0.045322496, 0.067947663, 0.044995133, 0.060253766, 0.055417123, 0.06645771, 0.068000106, 0.066853921, 0.050709725, 0.057985416, 0.055980096, 0.058361511, 0.05478796, 0.055335221, 0.04257599, 0.05889318, 0.052669109, 0.065751297, 0.054919139, 0.059768554, 0.055483639, 0.057772453, 0.058027723, 0.048604924, 0.067049424, 0.062282348, 0.064641267, 0.060867129, 0.055435507, 0.067866041, 0.072175959, 0.062390724, 0.064559285, 0.049849344, 0.057518681, 0.044732375, 0.069170215, 0.064252908, 0.053152266, 0.061818657, 0.06060833, 0.051895803, 0.076596466, 0.067387221, 0.057020771, 0.07458868, 0.049897278, 0.049075997, 0.062697621, 0.060425751, 0.053403528, 0.057463397, 0.061117684, 0.056579333, 0.055711805, 0.058421794, 0.056843361, 0.061083608, 0.056497865, 0.04975078, 0.054498343, 0.057085917, 0.069189033, 0.061994405, 0.062554702, 0.050563764, 0.054318508, 0.053899005, 0.05784496, 0.067068152, 0.05192012, 0.050879215, 0.054016761, 0.070188034, 0.059797506, 0.057075692, 0.069175296, 0.055223482, 0.062256885, 0.052412474, 0.065254379, 0.064913858, 0.059727507, 0.074706678, 0.061437675, 0.046675962, 0.061551793, 0.055621762, 0.052710459, 0.055504046, 0.054615133, 0.064519311, 0.043036928, 0.05377132, 0.059004362, 0.066611603, 0.064618552, 0.063665449, 0.057235149, 0.054390806, 0.053247961, 0.063054853, 0.065880612, 0.052508209, 0.051495391, 0.052818758, 0.059115066, 0.057028951, 0.069129186, 0.061398612, 0.066305497, 0.064374506, 0.058281679, 0.053612505, 0.05424279, 0.055021901, 0.063078226, 0.073854621, 0.054629997, 0.058395897, 0.0538245, 0.055686206, 0.064928255, 0.055798726, 0.054488553, 0.074425008, 0.054976075, 0.06192685, 0.062315397, 0.053559942, 0.081529597, 0.059715383, 0.059871887, 0.048719101, 0.069040756, 0.053315627, 0.043891297, 0.065301795, 0.073970885, 0.059206296, 0.051497396, 0.052864463, 0.053733578, 0.060519684, 0.059269059, 0.058109768, 0.057814883, 0.056475596, 0.054197529, 0.069675207, 0.05445999, 0.044999909, 0.074530449, 0.056434215, 0.06693954, 0.061505027, 0.06743035, 0.055358211]","[0.000182179, 0.000177578, 0.000177411, 0.000181944, 0.000182362, 0.000180626, 0.000176842, 0.000179995, 0.000178649, 0.000180134, 0.000173211, 0.000182965, 0.000179856, 0.000175898, 0.000179666, 0.000182641, 0.000181913, 0.000178653, 0.000181096, 0.00017827, 0.000179947, 0.000179736, 0.000179282, 0.000177795, 0.000177423, 0.000178282, 0.000180377, 0.000180685, 0.00018411, 0.000181659, 0.000203012, 0.000177605, 0.000177308, 0.000182438, 0.000179672, 0.000180143, 0.000175516, 0.000180343, 0.000176017, 0.000179166, 0.000177795, 0.000177603, 0.000177154, 0.000198464, 0.000176755, 0.000181579, 0.000175626, 0.000177434, 0.000176898, 0.000179512, 0.000178153, 0.00018079, 0.000178385, 0.000180902, 0.000178168, 0.000183004, 0.000179485, 0.000182448, 0.000178867, 0.000180031, 0.000178388, 0.000178898, 0.000178649, 0.000180297, 0.000179016, 0.000176183, 0.000235559, 0.00017939, 0.000177829, 0.00019543, 0.000177727, 0.000178858, 0.000180193, 0.000179035, 0.000175977, 0.00017975, 0.000180879, 0.000179037, 0.00017924, 0.000183014, 0.000179575, 0.000177257, 0.000177388, 0.000181193, 0.000176795, 0.000178915, 0.000179398, 0.0001787, 0.000187389, 0.000178949, 0.000176422, 0.000181541, 0.000177212, 0.00017751, 0.000177841, 0.000195262, 0.000177415, 0.000178542, 0.000184115, 0.000177725, 0.00017905, 0.000179738, 0.000178853, 0.000188077, 0.00018032, 0.000180396, 0.000182432, 0.000177468, 0.000174234, 0.000182306, 0.000181735, 0.000177534, 0.000177959, 0.000179436, 0.000179093, 0.000176152, 0.00017882, 0.000180654, 0.000177134, 0.000180339, 0.000177189, 0.000180735, 0.000177595, 0.000179651, 0.000178711, 0.000181358, 0.000180674, 0.00017607, 0.000180516, 0.000180145, 0.000178386, 0.000181192, 0.00018263, 0.00017686, 0.000178614, 0.00017785, 0.00017997, 0.00017775, 0.000179398, 0.000179457, 0.00018044, 0.000178854, 0.000180248, 0.000180206, 0.00018243, 0.000175839, 0.000193732, 0.000177137, 0.000203301, 0.000177742, 0.000180567, 0.000180879, 0.000188632, 0.00017628, 0.000180987, 0.000182552, 0.000175962, 0.000176506, 0.000179098, 0.000178193, 0.000175586, 0.000175485, 0.000176732, 0.00018714, 0.000193823]"
caltech,450,450,302,0,"[array([25], dtype=int32), array([25], dtype=int32), array([25], dtype=int32), array([25], dtype=int32), array([25], dtype=int32), array([25], dtype=int32), array([25], dtype=int32), array([25], dtype=int32), array([25], dtype=int32), array([25], dtype=int32), array([25], dtype=int32), array([25], dtype=int32), array([25], dtype=int32), array([25], dtype=int32), array([25], dtype=int32), array([25], dtype=int32), array([25], dtype=int32), array([25], dtype=int32), array([25], dtype=int32), array([25], dtype=int32), array([25], dtype=int32), array([25], dtype=int32), array([25], dtype=int32), array([25], dtype=int32), array([25], dtype=int32), array([25], dtype=int32), array([25], dtype=int32), array([25], dtype=int32), array([25], dtype=int32), array([25], dtype=int32), array([25], dtype=int32), array([25], dtype=int32), array([25], dtype=int32), array([25], dtype=int32), array([25], dtype=int32), array([25], dtype=int32), array([25], dtype=int32), array([25], dtype=int32), array([25], dtype=int32), array([25], dtype=int32), array([25], dtype=int32), array([25], dtype=int32), array([25], dtype=int32), array([25], dtype=int32), array([25], dtype=int32), array([25], dtype=int32), array([25], dtype=int32), array([25], dtype=int32), array([25], dtype=int32), array([25], dtype=int32), array([25], dtype=int32), array([25], dtype=int32), array([25], dtype=int32), array([25], dtype=int32), array([25], dtype=int32), array([25], dtype=int32), array([25], dtype=int32), array([25], dtype=int32), array([25], dtype=int32), array([25], dtype=int32), array([25], dtype=int32), array([25], dtype=int32), array([25], dtype=int32), array([25], dtype=int32), array([25], dtype=int32), array([25], dtype=int32), array([25], dtype=int32), array([25], dtype=int32), array([25], dtype=int32), array([25], dtype=int32), array([25], dtype=int32), array([25], dtype=int32), array([25], dtype=int32), array([25], dtype=int32), array([25], dtype=int32), array([25], dtype=int32), array([25], dtype=int32), array([25], dtype=int32), array([25], dtype=int32), array([25], dtype=int32), array([25], dtype=int32), array([25], dtype=int32), array([25], dtype=int32), array([25], dtype=int32), array([25], dtype=int32), array([25], dtype=int32), array([25], dtype=int32), array([25], dtype=int32), array([25], dtype=int32), array([25], dtype=int32), array([25], dtype=int32), array([25], dtype=int32), array([25], dtype=int32), array([25], dtype=int32), array([25], dtype=int32), array([25], dtype=int32), array([25], dtype=int32), array([25], dtype=int32), array([25], dtype=int32), array([25], dtype=int32), array([25], dtype=int32), array([25], dtype=int32), array([25], dtype=int32), array([25], dtype=int32), array([25], dtype=int32), array([25], dtype=int32), array([25], dtype=int32), array([25], dtype=int32), array([25], dtype=int32), array([25], dtype=int32), array([25], dtype=int32), array([25], dtype=int32), array([25], dtype=int32), array([25], dtype=int32), array([25], dtype=int32), array([25], dtype=int32), array([25], dtype=int32), array([25], dtype=int32), array([25], dtype=int32), array([25], dtype=int32), array([25], dtype=int32), array([25], dtype=int32), array([25], dtype=int32), array([25], dtype=int32), array([25], dtype=int32), array([25], dtype=int32), array([25], dtype=int32), array([25], dtype=int32), array([25], dtype=int32), array([25], dtype=int32), array([25], dtype=int32), array([25], dtype=int32), array([25], dtype=int32), array([25], dtype=int32), array([25], dtype=int32), array([25], dtype=int32), array([25], dtype=int32), array([25], dtype=int32), array([25], dtype=int32), array([25], dtype=int32), array([25], dtype=int32), array([25], dtype=int32), array([25], dtype=int32), array([25], dtype=int32), array([25], dtype=int32), array([25], dtype=int32), array([25], dtype=int32), array([25], dtype=int32), array([25], dtype=int32), array([25], dtype=int32), array([25], dtype=int32), array([25], dtype=int32), array([25], dtype=int32), array([25], dtype=int32), array([25], dtype=int32), array([25], dtype=int32), array([25], dtype=int32), array([25], dtype=int32), array([25], dtype=int32), array([25], dtype=int32), array([25], dtype=int32), array([25], dtype=int32), array([25], dtype=int32), array([25], dtype=int32), array([25], dtype=int32), array([25], dtype=int32), array([25], dtype=int32), array([25], dtype=int32), array([25], dtype=int32), array([25], dtype=int32), array([25], dtype=int32), array([25], dtype=int32), array([25], dtype=int32), array([25], dtype=int32), array([25], dtype=int32), array([25], dtype=int32), array([25], dtype=int32), array([25], dtype=int32), array([25], dtype=int32), array([25], dtype=int32), array([25], dtype=int32), array([25], dtype=int32), array([25], dtype=int32), array([25], dtype=int32), array([25], dtype=int32), array([25], dtype=int32), array([25], dtype=int32), array([25], dtype=int32), array([25], dtype=int32), array([25], dtype=int32), array([25], dtype=int32), array([25], dtype=int32), array([25], dtype=int32), array([25], dtype=int32), array([25], dtype=int32), array([25], dtype=int32), array([25], dtype=int32), array([25], dtype=int32), array([25], dtype=int32), array([25], dtype=int32), array([25], dtype=int32), array([25], dtype=int32), array([25], dtype=int32), array([25], dtype=int32), array([25], dtype=int32), array([25], dtype=int32), array([25], dtype=int32), array([25], dtype=int32), array([25], dtype=int32), array([25], dtype=int32), array([25], dtype=int32), array([25], dtype=int32), array([25], dtype=int32), array([25], dtype=int32), array([25], dtype=int32), array([25], dtype=int32), array([25], dtype=int32), array([25], dtype=int32), array([25], dtype=int32), array([25], dtype=int32), array([25], dtype=int32), array([25], dtype=int32), array([25], dtype=int32), array([25], dtype=int32), array([25], dtype=int32), array([25], dtype=int32), array([25], dtype=int32), array([25], dtype=int32), array([25], dtype=int32), array([25], dtype=int32), array([25], dtype=int32), array([25], dtype=int32), array([25], dtype=int32), array([25], dtype=int32), array([25], dtype=int32), array([25], dtype=int32), array([25], dtype=int32), array([25], dtype=int32), array([25], dtype=int32), array([25], dtype=int32), array([25], dtype=int32), array([25], dtype=int32), array([25], dtype=int32), array([25], dtype=int32), array([25], dtype=int32), array([25], dtype=int32), array([25], dtype=int32), array([25], dtype=int32), array([25], dtype=int32), array([25], dtype=int32), array([25], dtype=int32), array([25], dtype=int32), array([25], dtype=int32), array([25], dtype=int32), array([25], dtype=int32), array([25], dtype=int32), array([25], dtype=int32), array([25], dtype=int32), array([25], dtype=int32), array([25], dtype=int32), array([25], dtype=int32), array([25], dtype=int32), array([25], dtype=int32), array([25], dtype=int32), array([25], dtype=int32), array([25], dtype=int32), array([25], dtype=int32), array([25], dtype=int32), array([25], dtype=int32), array([25], dtype=int32), array([25], dtype=int32), array([25], dtype=int32), array([25], dtype=int32), array([25], dtype=int32), array([25], dtype=int32), array([25], dtype=int32), array([25], dtype=int32), array([25], dtype=int32), array([25], dtype=int32), array([25], dtype=int32), array([25], dtype=int32), array([25], dtype=int32), array([25], dtype=int32), array([25], dtype=int32), array([25], dtype=int32), array([25], dtype=int32), array([25], dtype=int32), array([25], dtype=int32), array([25], dtype=int32), array([25], dtype=int32), array([25], dtype=int32), array([25], dtype=int32), array([25], dtype=int32), array([25], dtype=int32), array([25], dtype=int32), array([25], dtype=int32), array([25], dtype=int32), array([25], dtype=int32), array([25], dtype=int32), array([25], dtype=int32), array([25], dtype=int32), array([25], dtype=int32), array([25], dtype=int32), array([25], dtype=int32), array([25], dtype=int32), array([25], dtype=int32), array([25], dtype=int32), array([25], dtype=int32), array([25], dtype=int32), array([25], dtype=int32), array([25], dtype=int32), array([25], dtype=int32), array([25], dtype=int32), array([25], dtype=int32), array([25], dtype=int32), array([25], dtype=int32), array([25], dtype=int32), array([25], dtype=int32), array([25], dtype=int32), array([25], dtype=int32), array([25], dtype=int32), array([25], dtype=int32), array([25], dtype=int32), array([25], dtype=int32), array([25], dtype=int32), array([25], dtype=int32), array([25], dtype=int32), array([25], dtype=int32), array([25], dtype=int32), array([25], dtype=int32), array([25], dtype=int32), array([25], dtype=int32), array([25], dtype=int32), array([25], dtype=int32), array([25], dtype=int32), array([25], dtype=int32), array([25], dtype=int32), array([25], dtype=int32), array([25], dtype=int32), array([25], dtype=int32), array([25], dtype=int32), array([25], dtype=int32), array([25], dtype=int32), array([25], dtype=int32), array([25], dtype=int32), array([25], dtype=int32), array([25], dtype=int32), array([25], dtype=int32), array([25], dtype=int32), array([25], dtype=int32), array([25], dtype=int32), array([25], dtype=int32), array([25], dtype=int32), array([25], dtype=int32), array([25], dtype=int32), array([25], dtype=int32), array([25], dtype=int32), array([25], dtype=int32), array([25], dtype=int32), array([25], dtype=int32), array([25], dtype=int32), array([25], dtype=int32), array([25], dtype=int32), array([25], dtype=int32), array([25], dtype=int32), array([25], dtype=int32), array([25], dtype=int32), array([25], dtype=int32), array([25], dtype=int32), array([25], dtype=int32), array([25], dtype=int32), array([25], dtype=int32), array([25], dtype=int32), array([25], dtype=int32), array([25], dtype=int32), array([25], dtype=int32), array([25], dtype=int32), array([25], dtype=int32), array([25], dtype=int32), array([25], dtype=int32), array([25], dtype=int32), array([25], dtype=int32), array([25], dtype=int32), array([25], dtype=int32), array([25], dtype=int32), array([25], dtype=int32), array([25], dtype=int32), array([25], dtype=int32), array([25], dtype=int32), array([25], dtype=int32), array([25], dtype=int32), array([25], dtype=int32), array([25], dtype=int32), array([25], dtype=int32), array([25], dtype=int32), array([25], dtype=int32), array([25], dtype=int32), array([25], dtype=int32), array([25], dtype=int32), array([25], dtype=int32), array([25], dtype=int32), array([25], dtype=int32), array([25], dtype=int32), array([25], dtype=int32), array([25], dtype=int32), array([25], dtype=int32), array([25], dtype=int32), array([25], dtype=int32), array([25], dtype=int32), array([25], dtype=int32), array([25], dtype=int32), array([25], dtype=int32), array([25], dtype=int32), array([25], dtype=int32), array([25], dtype=int32), array([25], dtype=int32), array([25], dtype=int32), array([25], dtype=int32), array([25], dtype=int32), array([25], dtype=int32), array([25], dtype=int32), array([25], dtype=int32), array([25], dtype=int32), array([25], dtype=int32), array([25], dtype=int32), array([25], dtype=int32), array([25], dtype=int32), array([25], dtype=int32), array([25], dtype=int32), array([25], dtype=int32), array([25], dtype=int32), array([25], dtype=int32), array([25], dtype=int32), array([25], dtype=int32), array([25], dtype=int32), array([25], dtype=int32), array([25], dtype=int32), array([25], dtype=int32), array([25], dtype=int32), array([25], dtype=int32), array([25], dtype=int32), array([25], dtype=int32), array([25], dtype=int32), array([25], dtype=int32), array([25], dtype=int32), array([25], dtype=int32), array([25], dtype=int32), array([25], dtype=int32), array([25], dtype=int32), array([25], dtype=int32)]","[array([8.82832206]), array([9.14219696]), array([9.36588104]), array([-0.72957412]), array([2.63094906]), array([11.30127694]), array([10.34645104]), array([6.6426432]), array([11.32822313]), array([9.42319614]), array([11.23434801]), array([4.47246209]), array([8.98013602]), array([12.92522312]), array([8.318504]), array([12.79885408]), array([10.424581]), array([9.13462898]), array([2.24932312]), array([7.54925706]), array([8.82450404]), array([8.23860093]), array([8.28840807]), array([9.06788298]), array([10.99784498]), array([9.22956011]), array([6.49109201]), array([7.61602111]), array([10.84366305]), array([9.322731]), array([11.89253999]), array([10.865606]), array([9.14587901]), array([2.66644205]), array([3.2803251]), array([9.12896704]), array([9.65768498]), array([8.02186698]), array([11.67564915]), array([9.25788608]), array([13.78290902]), array([8.2785282]), array([12.82404099]), array([6.76755203]), array([10.19696801]), array([9.74368699]), array([5.7774631]), array([10.89171997]), array([8.13787105]), array([9.04515103]), array([5.68882199]), array([10.28163206]), array([9.54736505]), array([11.46337914]), array([1.72824614]), array([11.76180101]), array([8.762849]), array([6.20679713]), array([9.77631897]), array([8.79349991]), array([8.06846707]), array([2.47463815]), array([10.86766204]), array([9.59912799]), array([8.43970202]), array([9.04439205]), array([1.07263207]), array([9.35559805]), array([11.94173303]), array([9.64610413]), array([9.85537797]), array([10.536122]), array([8.68947107]), array([5.150233]), array([7.10259499]), array([8.98285504]), array([11.50486709]), array([11.26785305]), array([9.20090805]), array([7.46801312]), array([0.4668541]), array([1.17490999]), array([6.001789]), array([11.06409701]), array([13.52621013]), array([0.81063618]), array([9.80059799]), array([9.28133894]), array([3.38856411]), array([11.54618905]), array([12.95171504]), array([9.18174602]), array([6.98163321]), array([6.11000911]), array([9.53672503]), array([13.16263107]), array([7.96894108]), array([12.11561789]), array([7.95974101]), array([10.15215492]), array([12.47217008]), array([8.58701207]), array([8.43005114]), array([9.17186601]), array([11.1914581]), array([9.96596904]), array([9.63442797]), array([1.65423118]), array([9.23555109]), array([3.07163421]), array([8.43995094]), array([12.83839118]), array([1.55156608]), array([8.81674512]), array([9.54749309]), array([10.51023509]), array([9.06444694]), array([12.09282499]), array([7.93863987]), array([7.53173194]), array([6.74096804]), array([8.23003698]), array([11.26771313]), array([12.49230202]), array([8.5438901]), array([8.58632507]), array([10.46847907]), array([8.62667009]), array([9.65012199]), array([3.13014205]), array([1.64437412]), array([8.79006402]), array([7.33825997]), array([6.54413993]), array([6.67412105]), array([7.56724213]), array([10.73611716]), array([8.31535107]), array([8.40208614]), array([9.91621597]), array([1.18939708]), array([9.22049399]), array([14.04360905]), array([10.58002805]), array([13.38706618]), array([10.90735692]), array([11.10450402]), array([9.94716901]), array([9.24981303]), array([12.250819]), array([9.29760797]), array([9.96243403]), array([7.82914304]), array([6.31230607]), array([6.26556804]), array([5.8265531]), array([2.09811706]), array([4.45151103]), array([10.77210208]), array([1.0714561]), array([13.25780307]), array([11.17116816]), array([8.36323807]), array([9.3323531]), array([12.72677894]), array([13.20964804]), array([7.77006393]), array([10.27138006]), array([5.93806308]), array([13.64940905]), array([11.32485899]), array([8.55209588]), array([12.67361301]), array([9.9212231]), array([10.37529712]), array([2.97598124]), array([11.92421295]), array([5.35360912]), array([7.87397404]), array([8.89008205]), array([10.65492797]), array([11.92830002]), array([8.24530208]), array([8.59785998]), array([10.83981796]), array([2.93886305]), array([10.23680105]), array([12.55426906]), array([1.68663506]), array([10.53562912]), array([9.70200805]), array([13.23866308]), array([9.07504097]), array([6.70028911]), array([4.313656]), array([7.7691949]), array([9.24916401]), array([8.51443399]), array([4.3379271]), array([1.56182596]), array([11.15878814]), array([0.35946415]), array([2.75033306]), array([11.44350513]), array([8.09777604]), array([10.86607801]), array([7.22903711]), array([9.08021302]), array([11.32560001]), array([10.9597371]), array([11.83109207]), array([8.506484]), array([10.27740108]), array([12.67896913]), array([7.41394598]), array([5.46823114]), array([12.92470701]), array([3.46168109]), array([7.40483115]), array([9.117634]), array([7.73650092]), array([9.36023907]), array([9.09349287]), array([1.0098182]), array([11.39933112]), array([1.433362]), array([10.85474499]), array([7.14588912]), array([9.90644694]), array([3.11932209]), array([13.92446317]), array([11.82412916]), array([3.60018408]), array([8.16752005]), array([10.58338296]), array([10.21537201]), array([12.21269002]), array([12.20920111]), array([10.0896201]), array([9.59910208]), array([10.09079209]), array([2.40590912]), array([1.46126801]), array([12.22915897]), array([8.76509905]), array([2.76180707]), array([7.28118006]), array([7.69770604]), array([4.5942591]), array([3.25581801]), array([9.74085503]), array([10.34788999]), array([5.595999]), array([1.561658]), array([10.41026403]), array([8.99589518]), array([5.88311806]), array([10.12509803]), array([8.1658711]), array([2.12973407]), array([7.6827379]), array([12.03195701]), array([10.09120599]), array([7.50641005]), array([8.21518506]), array([11.71473596]), array([8.69120004]), array([10.89310295]), array([12.27474811]), array([8.02663398]), array([8.71796305]), array([10.89085107]), array([7.51281212]), array([7.17874204]), array([12.53981106]), array([8.12000504]), array([8.67247118]), array([2.78300409]), array([6.0937932]), array([9.05947409]), array([9.59388902]), array([12.16001296]), array([11.41891697]), array([11.282645]), array([2.77781612]), array([8.42244997]), array([11.303971]), array([4.25492609]), array([9.47197215]), array([9.48016195]), array([10.38937003]), array([7.68296295]), array([10.50302104]), array([10.89481214]), array([10.26832703]), array([8.24524803]), array([0.98033204]), array([9.9123601]), array([7.232118]), array([8.92490702]), array([11.43397102]), array([8.99292695]), array([13.87491211]), array([9.86273106]), array([6.10079592]), array([10.83901609]), array([8.26850405]), array([3.50096112]), array([9.05127307]), array([10.49626201]), array([8.24131304]), array([1.77242813]), array([9.75349999]), array([8.67475606]), array([3.46767313]), array([10.82778498]), array([12.81317006]), array([10.77958002]), array([7.52658309]), array([9.09954006]), array([9.80024001]), array([7.54778903]), array([9.743506]), array([0.61261906]), array([8.24933201]), array([5.62703113]), array([9.480427]), array([8.198319]), array([5.62656524]), array([10.22067705]), array([9.57532092]), array([9.88277207]), array([8.82244]), array([9.10868015]), array([8.11736608]), array([9.18797107]), array([5.02115708]), array([11.48254908]), array([9.08997216]), array([8.45406308]), array([2.49327314]), array([7.73514706]), array([9.61897507]), array([8.16181999]), array([12.45164407]), array([11.631661]), array([6.94052204]), array([1.51325201]), array([4.93579299]), array([10.02422307]), array([9.91220804]), array([9.94707293]), array([10.73205505]), array([12.50890294]), array([9.54385197]), array([13.97898314]), array([9.34361396]), array([8.09441906]), array([11.41458598]), array([11.93290694]), array([2.49305112]), array([9.79406005]), array([5.72861293]), array([5.98615115]), array([7.20654498]), array([9.24487006]), array([13.34036907]), array([8.47859712]), array([5.60251708]), array([3.39060595]), array([9.62281003]), array([9.39102302]), array([2.0390319]), array([1.79524699]), array([5.28217313]), array([9.89901401]), array([10.81931201]), array([8.19884]), array([6.52524011]), array([8.37273704]), array([8.77499591]), array([8.89860815]), array([8.54723801]), array([8.54467895]), array([3.65653807]), array([8.07906506]), array([12.98953302]), array([8.11180697]), array([0.70491397]), array([6.463703]), array([11.95037894]), array([7.3860341]), array([-1.04347796]), array([12.50566807]), array([10.21687601]), array([11.33115599]), array([8.92251208]), array([8.96863904]), array([0.30992217]), array([11.53957206]), array([2.32024009]), array([8.86393119]), array([7.71397507]), array([10.33004201]), array([10.79710404]), array([5.8706952]), array([8.95450605]), array([9.44231416]), array([1.70469611]), array([11.38489903]), array([9.13229595]), array([7.46214115]), array([7.37666704]), array([3.75251201]), array([10.30832699]), array([10.88371594]), array([11.83632105]), array([1.72171716]), array([10.48565394]), array([10.04938797]), array([10.47176391]), array([11.18768502]), array([11.17360402]), array([11.08831902]), array([8.41505113]), array([9.27003312]), array([8.22111905]), array([11.46769011]), array([8.49842798]), array([2.66430006]), array([11.04083909]), array([13.23912813]), array([12.92849307]), array([11.35041807]), array([6.69504111]), array([9.46476607]), array([6.83268411]), array([9.32408293]), array([7.58226913]), array([8.681245]), array([9.91061799]), array([9.47505493]), array([10.40848706]), array([10.43555406]), array([11.62992606]), array([7.16769514]), array([7.75558603]), array([2.26550907]), array([3.45294411]), array([12.18515001])]","[0.49768695, 0.585149949, 0.683767454, 0.607023193, 0.49703353, 0.408262969, 0.345863631, 0.472851112, 0.298551364, 0.311272138, 0.484547153, 0.486650357, 0.567959344, 0.424955326, 0.487410882, 0.489817266, 0.478294341, 0.422424579, 0.610881647, 0.656656069, 0.516977117, 0.378247357, 0.62523379, 0.406478695, 0.781565488, 0.535896876, 0.608981014, 0.58626515, 0.766273191, 0.467431855, 0.388721769, 0.395868206, 0.801529632, 0.557941529, 0.578367145, 0.409127125, 0.40874092, 0.580849174, 0.573092908, 0.448739246, 0.570890223, 0.302425035, 0.55540892, 0.738617438, 0.355895814, 0.291577304, 0.540017392, 0.562339034, 0.497432764, 0.539007614, 0.738894324, 0.668071034, 0.514094474, 0.878605261, 0.593628906, 0.885968571, 0.362434243, 0.77759186, 0.656020871, 0.352693891, 0.326671258, 0.585020978, 0.456666759, 0.621522582, 0.338212394, 0.524026411, 0.694663043, 0.459000324, 0.446809385, 0.434576271, 0.677149015, 0.520191524, 0.579533496, 0.54087052, 0.720466077, 0.69219125, 0.602043638, 0.537220491, 0.314733089, 1.053142829, 1.069150891, 1.376388884, 0.87696212, 0.864641737, 0.408114268, 0.735573013, 0.44186174, 0.527186666, 0.433453995, 0.926035913, 0.685670881, 0.78246564, 0.811571777, 0.495551055, 0.419419781, 0.721771184, 0.558066101, 0.415970274, 0.672343535, 0.429081618, 0.507687951, 0.347700725, 0.798000301, 0.537130842, 0.635106684, 0.549165628, 0.629061182, 0.634788999, 0.700044205, 0.553591078, 0.614204055, 0.39907595, 0.607886136, 0.830398382, 0.329556392, 0.480530763, 0.467977063, 0.546596678, 0.538272538, 0.931392052, 0.579053498, 0.495755046, 0.805013201, 0.488389709, 0.494375776, 0.33233299, 0.32238082, 0.567710322, 0.788739163, 0.492129924, 0.574481171, 0.427063181, 0.537076412, 0.683794195, 0.73964316, 0.49527964, 0.348119882, 0.470496259, 0.69023096, 0.415805775, 0.887085263, 0.659104345, 0.513636835, 0.392000637, 0.574587625, 0.598143969, 1.074509947, 0.806317371, 0.451624137, 0.345136423, 0.56483615, 1.201069009, 0.912994505, 0.701877693, 0.713631524, 0.671304279, 0.627410884, 0.547409141, 0.600632643, 0.684521456, 0.526040327, 0.667113164, 0.710234586, 0.369134229, 0.444976902, 0.628384143, 0.576178346, 0.584067579, 0.516365276, 0.736756448, 0.577259133, 0.659375978, 0.702029191, 0.553660493, 0.485196055, 0.859927629, 0.483194708, 0.707364558, 0.825493017, 0.445310113, 0.468565956, 0.365879054, 0.492370616, 0.550875931, 0.55715236, 0.72156929, 0.489093813, 0.441149127, 0.662039435, 0.535157513, 0.393059307, 0.537822426, 0.478756098, 0.742377656, 0.795986282, 0.469222495, 0.841944075, 0.775978767, 0.836765854, 0.588776278, 0.542309244, 0.995791912, 0.620077841, 0.531246034, 0.501701359, 0.547800315, 0.638403289, 0.489754948, 0.864601949, 0.60605417, 0.468701238, 0.895433967, 0.73540874, 0.494359139, 0.52491392, 0.721626441, 1.218964929, 0.78667484, 0.826222112, 1.076044407, 0.780827592, 0.359601648, 0.703510541, 0.649956097, 0.514967175, 0.635120174, 0.477879743, 0.855610315, 0.475040342, 0.393033651, 0.316806851, 0.531735823, 0.79456975, 0.945831838, 0.653366928, 0.782598537, 0.668315135, 0.356307576, 0.59892729, 0.708821477, 0.36636921, 0.475313003, 0.765389605, 0.533800766, 0.336774017, 0.788537417, 0.700889376, 0.56538301, 0.566622948, 0.655344421, 0.365680607, 0.538410962, 0.469664125, 0.445132094, 0.641629133, 0.323609044, 0.736444538, 0.283698705, 0.712255344, 0.629490261, 0.706665329, 0.599561903, 0.376405896, 0.435047225, 0.491043792, 0.650793795, 0.786117089, 0.417928975, 1.163302389, 0.586920885, 0.536317494, 0.862918058, 0.450489415, 0.54911798, 0.727638605, 0.598307302, 0.70282132, 0.560451069, 0.745205274, 0.514122011, 0.566546478, 0.525759777, 0.979636895, 0.431170337, 0.466254341, 0.79223146, 0.555779135, 0.781507131, 1.071203037, 0.764669575, 0.471961051, 0.603318478, 0.496626554, 0.378830226, 0.331194762, 0.554596249, 0.735589457, 0.487200423, 0.45799734, 0.461028016, 0.593674909, 0.47913318, 0.573906604, 0.389432954, 0.526863942, 0.639324633, 0.630914557, 0.481900342, 0.340690102, 0.480580279, 0.874448709, 0.709326129, 0.536744134, 0.447258491, 0.634201691, 0.35151377, 0.460772514, 0.542622814, 0.439588307, 0.865552448, 0.492907964, 0.549259768, 0.849429273, 0.423618106, 0.498423998, 0.959532547, 0.651992391, 0.513755941, 0.454729368, 0.826542021, 0.614996913, 0.596926462, 0.337825696, 0.619817233, 0.53878181, 0.562050093, 0.491377967, 0.639609114, 0.771070855, 0.694692447, 0.699214161, 0.762950688, 0.288202716, 0.643491272, 0.387842474, 0.523710782, 0.572957031, 0.947092578, 0.733251172, 0.824970234, 0.324986208, 0.449614216, 0.607321967, 0.55576743, 0.755889774, 0.350269791, 0.753306199, 0.928637698, 0.647400763, 0.883721507, 0.789862803, 0.77535482, 0.355994063, 0.594003056, 0.354213424, 0.50308824, 0.829242397, 0.752466821, 0.711006158, 0.685352046, 0.705685576, 0.559773393, 0.63602244, 0.678871728, 0.638363473, 0.595541768, 0.594847803, 0.634537001, 0.693886137, 0.689814038, 0.452174258, 0.468166813, 0.779525285, 0.669956711, 0.430354072, 0.606658468, 0.637803736, 0.770447289, 0.504366048, 0.456276308, 0.398967246, 0.531099206, 0.608915003, 0.341889118, 0.576750362, 0.670336801, 0.735513998, 0.512660577, 0.50626312, 0.386067882, 0.579767979, 0.363581826, 0.637512215, 0.613426851, 0.567447439, 0.878246477, 0.793379474, 0.502835123, 0.914018554, 0.581280694, 0.517373827, 0.729810264, 0.49900745, 0.590438935, 0.439366022, 0.32568015, 0.36986608, 0.532337202, 0.615146149, 0.562521315, 0.574419839, 1.273682932, 0.485442203, 0.483494866, 0.479856023, 0.44425937, 0.512760829, 0.502675589, 0.854849677, 0.530176639, 0.540777676, 0.494837619, 0.683188449, 0.407202084, 0.442058151, 0.379116011, 0.707697987, 0.505388568, 1.001708318, 0.564247808, 0.561373472, 0.570030284, 0.622143954, 0.572369426, 0.529126377, 0.841383196, 0.601679724, 0.866105286, 0.485611262, 0.538810812]","[0.000493116, 0.000476811, 0.000483524, 0.000477702, 0.000486129, 0.000478628, 0.000479872, 0.00051223, 0.000473295, 0.000454615, 0.000429691, 0.000423866, 0.000424322, 0.000481231, 0.000484874, 0.000479953, 0.000484104, 0.000535765, 0.000838578, 0.000479814, 0.0006529, 0.000484142, 0.000482221, 0.000480354, 0.000488483, 0.000477978, 0.000482076, 0.000470114, 0.000489022, 0.000477455, 0.000484419, 0.000507718, 0.000487473, 0.000469059, 0.000491785, 0.000481743, 0.000486855, 0.000478094, 0.000471559, 0.000491072, 0.000475012, 0.000477602, 0.000481862, 0.000440247, 0.000474681, 0.000475634, 0.000481629, 0.000480898, 0.000487893, 0.000486156, 0.000490483, 0.000479369, 0.000503487, 0.000485826, 0.000584444, 0.000484072, 0.000473392, 0.000473702, 0.000494496, 0.000482791, 0.000487258, 0.000469108, 0.000505307, 0.000470481, 0.000485167, 0.000487153, 0.000468519, 0.000482957, 0.000483247, 0.00050375, 0.00048564, 0.000470044, 0.000504231, 0.000479813, 0.000479309, 0.000475198, 0.000479752, 0.000468694, 0.000486591, 0.000471243, 0.000479037, 0.000638314, 0.000636184, 0.000472679, 0.000477056, 0.000514318, 0.000638741, 0.000476299, 0.00049153, 0.000645672, 0.00048056, 0.000476195, 0.000489156, 0.000493491, 0.000475957, 0.000522563, 0.000487101, 0.000479661, 0.000519713, 0.000474955, 0.000474484, 0.00047111, 0.000476278, 0.000474636, 0.000484334, 0.000477421, 0.000485045, 0.000491893, 0.000486401, 0.00048744, 0.000502917, 0.000479748, 0.000474071, 0.000470913, 0.000515821, 0.000477683, 0.000478244, 0.00048414, 0.000484191, 0.00048018, 0.00047771, 0.000483656, 0.000480133, 0.000480934, 0.000473755, 0.0004726, 0.000483425, 0.000592124, 0.000482307, 0.000479259, 0.000472078, 0.00047781, 0.000481819, 0.000485619, 0.000523292, 0.000704954, 0.000485421, 0.000474352, 0.000479102, 0.00063545, 0.000473516, 0.000479077, 0.000476976, 0.000478008, 0.000490334, 0.000482593, 0.00048933, 0.000475575, 0.000639317, 0.000466114, 0.000481976, 0.000640242, 0.000636232, 0.000636627, 0.00067041, 0.000641975, 0.000491475, 0.000480837, 0.000481512, 0.000483039, 0.000513306, 0.000479195, 0.000488557, 0.000474335, 0.000487214, 0.000520702, 0.000473172, 0.000484711, 0.000483912, 0.000472746, 0.000476137, 0.000488664, 0.00047767, 0.000485621, 0.000474525, 0.00046961, 0.000523455, 0.000482032, 0.000472759, 0.000473172, 0.000479602, 0.000479115, 0.000486091, 0.000490726, 0.000484279, 0.000478699, 0.000502275, 0.00047567, 0.000488785, 0.000470966, 0.000476039, 0.000484089, 0.00046877, 0.000543951, 0.000474476, 0.000471459, 0.000476324, 0.000639426, 0.000635447, 0.000480986, 0.000478484, 0.000472025, 0.000477784, 0.000475763, 0.000471483, 0.000479961, 0.000485623, 0.000474286, 0.000486668, 0.000469436, 0.000491744, 0.000479138, 0.000636695, 0.000639202, 0.000638662, 0.0006395, 0.000476813, 0.000635137, 0.000636896, 0.000635503, 0.000484132, 0.000472152, 0.000472835, 0.000477022, 0.000473685, 0.000472499, 0.000482067, 0.000472721, 0.00051171, 0.000472027, 0.000471019, 0.000475803, 0.000641563, 0.000640456, 0.000640073, 0.000657582, 0.000636929, 0.000475155, 0.00048195, 0.000636901, 0.000495764, 0.000482366, 0.000483937, 0.000472506, 0.000479182, 0.000481566, 0.000485369, 0.000479058, 0.000471999, 0.000484924, 0.000476765, 0.000501284, 0.000718598, 0.000610709, 0.000485017, 0.000481171, 0.000491618, 0.000496594, 0.000467068, 0.00047381, 0.00050618, 0.000475487, 0.000488726, 0.000486002, 0.000482146, 0.00048695, 0.0004798, 0.000474088, 0.000473223, 0.000637838, 0.000726768, 0.000474413, 0.000483607, 0.000475274, 0.000484515, 0.000520303, 0.000479873, 0.000473926, 0.00052551, 0.000485313, 0.000478048, 0.000634004, 0.000470283, 0.000478921, 0.000478716, 0.000479379, 0.000639782, 0.0006403, 0.000633599, 0.000636958, 0.000677328, 0.00064281, 0.000515436, 0.000483211, 0.000514864, 0.000477058, 0.000487188, 0.000483906, 0.000489521, 0.00048418, 0.000485791, 0.000483248, 0.000470466, 0.00047721, 0.000487816, 0.000470719, 0.00048006, 0.00048052, 0.000517209, 0.000478989, 0.000487851, 0.00050287, 0.000471029, 0.000518113, 0.000467785, 0.000480368, 0.000472466, 0.000642888, 0.00063716, 0.000635112, 0.000471738, 0.000478752, 0.000487186, 0.000483855, 0.000485562, 0.000470607, 0.000479025, 0.000482031, 0.000492747, 0.000507959, 0.000486079, 0.000474422, 0.000506102, 0.000477267, 0.000476543, 0.000478495, 0.000483845, 0.000488595, 0.00047587, 0.000640768, 0.000475415, 0.000472717, 0.000477253, 0.000522801, 0.000468479, 0.000474079, 0.000488304, 0.000475702, 0.000511328, 0.000477493, 0.000503455, 0.00071948, 0.000492614, 0.000482965, 0.000480923, 0.000485133, 0.000483628, 0.000637658, 0.000489342, 0.000639773, 0.000667137, 0.00049654, 0.000536924, 0.000489034, 0.000471751, 0.000481425, 0.000637633, 0.000638098, 0.000676878, 0.000478729, 0.000537756, 0.000483216, 0.000485357, 0.000470515, 0.000487429, 0.000473405, 0.000488247, 0.00047663, 0.000483678, 0.000480347, 0.000475985, 0.000486541, 0.000490233, 0.00048552, 0.000482263, 0.000478172, 0.000473092, 0.000639611, 0.000632981, 0.000490834, 0.000486863, 0.000489838, 0.00048229, 0.00048576, 0.00048013, 0.000487378, 0.000491299, 0.000470561, 0.000478632, 0.000471314, 0.000494407, 0.000477005, 0.00048337, 0.000479366, 0.00048546, 0.000638247, 0.000752264, 0.000478204, 0.0004732, 0.000636057, 0.000473453, 0.000475628, 0.000484749, 0.000478057, 0.000473923, 0.000562296, 0.000486895, 0.000477212, 0.000476256, 0.000480704, 0.000475982, 0.00049378, 0.000466533, 0.000456644, 0.000485707, 0.000509591, 0.000486848, 0.000487774, 0.00048159, 0.000469656, 0.000472483, 0.000475033, 0.000472981, 0.000475881, 0.000480496, 0.000489251, 0.000484966, 0.000477809, 0.000470276, 0.000662357, 0.000494112, 0.000480166, 0.000478334, 0.000478273, 0.000471284, 0.000475461, 0.000514948, 0.000483718, 0.000484516, 0.000473297]"
mit_cbcl,2000,1852,2,148,"[array([25], dtype=int32), array([25], dtype=int32), array([25], dtype=int32), array([25], dtype=int32), array([25], dtype=int32), array([25], dtype=int32), array([25], dtype=int32), array([25], dtype=int32), array([25], dtype=int32), array([25], dtype=int32), array([25], dtype=int32), array([25], dtype=int32), array([25], dtype=int32), array([25], dtype=int32), array([25], dtype=int32), array([25], dtype=int32), array([25], dtype=int32), array([25], dtype=int32), array([25], dtype=int32), array([25], dtype=int32), array([25], dtype=int32), array([25], dtype=int32), array([25], dtype=int32), array([25], dtype=int32), array([25], dtype=int32), array([25], dtype=int32), array([25], dtype=int32), array([25], dtype=int32), array([25], dtype=int32), array([25], dtype=int32), array([25], dtype=int32), array([25], dtype=int32), array([25], dtype=int32), array([25], dtype=int32), array([25], dtype=int32), array([25], dtype=int32), array([25], dtype=int32), array([25], dtype=int32), array([25], dtype=int32), array([25], dtype=int32), array([25], dtype=int32), array([25], dtype=int32), array([25], dtype=int32), array([25], dtype=int32), array([25], dtype=int32), array([25], dtype=int32), array([25], dtype=int32), array([25], dtype=int32), array([25], dtype=int32), array([25], dtype=int32), array([25], dtype=int32), array([25], dtype=int32), array([25], dtype=int32), array([25], dtype=int32), array([25], dtype=int32), array([25], dtype=int32), array([25], dtype=int32), array([25], dtype=int32), array([25], dtype=int32), array([25], dtype=int32), array([25], dtype=int32), array([25], dtype=int32), array([25], dtype=int32), array([25], dtype=int32), array([25], dtype=int32), array([25], dtype=int32), array([25], dtype=int32), array([25], dtype=int32), array([25], dtype=int32), array([25], dtype=int32), array([25], dtype=int32), array([25], dtype=int32), array([25], dtype=int32), array([25], dtype=int32), array([25], dtype=int32), array([25], dtype=int32), array([25], dtype=int32), array([25], dtype=int32), array([25], dtype=int32), array([25], dtype=int32), array([25], dtype=int32), array([25], dtype=int32), array([25], dtype=int32), array([25], dtype=int32), array([25], dtype=int32), array([25], dtype=int32), array([25], dtype=int32), array([25], dtype=int32), array([25], dtype=int32), array([25], dtype=int32), array([25], dtype=int32), array([25], dtype=int32), array([25], dtype=int32), array([25], dtype=int32), array([25], dtype=int32), array([25], dtype=int32), array([25], dtype=int32), array([25], dtype=int32), array([25], dtype=int32), array([25], dtype=int32), array([25], dtype=int32), array([25], dtype=int32), array([25], dtype=int32), array([25], dtype=int32), array([25], dtype=int32), array([25], dtype=int32), array([25], dtype=int32), array([25], dtype=int32), array([25], dtype=int32), array([25], dtype=int32), array([25], dtype=int32), array([25], dtype=int32), array([25], dtype=int32), array([25], dtype=int32), array([25], dtype=int32), array([25], dtype=int32), array([25], dtype=int32), array([25], dtype=int32), array([25], dtype=int32), array([25], dtype=int32), array([25], dtype=int32), array([25], dtype=int32), array([25], dtype=int32), array([25], dtype=int32), array([25], dtype=int32), array([25], dtype=int32), array([25], dtype=int32), array([25], dtype=int32), array([25], dtype=int32), array([25], dtype=int32), array([25], dtype=int32), array([25], dtype=int32), array([25], dtype=int32), array([25], dtype=int32), array([25], dtype=int32), array([25], dtype=int32), array([25], dtype=int32), array([25], dtype=int32), array([25], dtype=int32), array([25], dtype=int32), array([25], dtype=int32), array([25], dtype=int32), array([25], dtype=int32), array([25], dtype=int32), array([25], dtype=int32), array([25], dtype=int32), array([25], dtype=int32), array([25], dtype=int32), array([25], dtype=int32), array([25], dtype=int32), array([25], dtype=int32), array([25], dtype=int32), array([25], dtype=int32), array([25], dtype=int32), array([25], dtype=int32), array([25], dtype=int32), array([25], dtype=int32), array([25], dtype=int32), array([25], dtype=int32), array([25], dtype=int32), array([25], dtype=int32), array([25], dtype=int32), array([25], dtype=int32), array([25], dtype=int32), array([25], dtype=int32), array([25], dtype=int32), array([25], dtype=int32), array([25], dtype=int32), array([25], dtype=int32), array([25], dtype=int32), array([25], dtype=int32), array([25], dtype=int32), array([25], dtype=int32), array([25], dtype=int32), array([25], dtype=int32), array([25], dtype=int32), array([25], dtype=int32), array([25], dtype=int32), array([25], dtype=int32), array([25], dtype=int32), array([25], dtype=int32), array([25], dtype=int32), array([25], dtype=int32), array([25], dtype=int32), array([25], dtype=int32), array([25], dtype=int32), array([25], dtype=int32), array([25], dtype=int32), array([25], dtype=int32), array([25], dtype=int32), array([25], dtype=int32), array([25], dtype=int32), array([25], dtype=int32), array([25], dtype=int32), array([25], dtype=int32), array([25], dtype=int32), array([25], dtype=int32), array([25], dtype=int32), array([25], dtype=int32), array([25], dtype=int32), array([25], dtype=int32), array([25], dtype=int32), array([25], dtype=int32), array([25], dtype=int32), array([25], dtype=int32), array([25], dtype=int32), array([25], dtype=int32), array([25], dtype=int32), array([25], dtype=int32), array([25], dtype=int32), array([25], dtype=int32), array([25], dtype=int32), array([25], dtype=int32), array([25], dtype=int32), array([25], dtype=int32), array([25], dtype=int32), array([25], dtype=int32), array([25], dtype=int32), array([25], dtype=int32), array([25], dtype=int32), array([25], dtype=int32), array([25], dtype=int32), array([25], dtype=int32), array([25], dtype=int32), array([25], dtype=int32), array([25], dtype=int32), array([25], dtype=int32), array([25], dtype=int32), array([25], dtype=int32), array([25], dtype=int32), array([25], dtype=int32), array([25], dtype=int32), array([25], dtype=int32), array([25], dtype=int32), array([25], dtype=int32), array([25], dtype=int32), array([25], dtype=int32), array([25], dtype=int32), array([25], dtype=int32), array([25], dtype=int32), array([25], dtype=int32), array([25], dtype=int32), array([25], dtype=int32), array([25], dtype=int32), array([25], dtype=int32), array([25], dtype=int32), array([25], dtype=int32), array([25], dtype=int32), array([25], dtype=int32), array([25], dtype=int32), array([25], dtype=int32), array([25], dtype=int32), array([25], dtype=int32), array([25], dtype=int32), array([25], dtype=int32), array([25], dtype=int32), array([25], dtype=int32), array([25], dtype=int32), array([25], dtype=int32), array([25], dtype=int32), array([25], dtype=int32), array([25], dtype=int32), array([25], dtype=int32), array([25], dtype=int32), array([25], dtype=int32), array([25], dtype=int32), array([25], dtype=int32), array([25], dtype=int32), array([25], dtype=int32), array([25], dtype=int32), array([25], dtype=int32), array([25], dtype=int32), array([25], dtype=int32), array([25], dtype=int32), array([25], dtype=int32), array([25], dtype=int32), array([25], dtype=int32), array([25], dtype=int32), array([25], dtype=int32), array([25], dtype=int32), array([25], dtype=int32), array([25], dtype=int32), array([25], dtype=int32), array([25], dtype=int32), array([25], dtype=int32), array([25], dtype=int32), array([25], dtype=int32), array([25], dtype=int32), array([25], dtype=int32), array([25], dtype=int32), array([25], dtype=int32), array([25], dtype=int32), array([25], dtype=int32), array([25], dtype=int32), array([25], dtype=int32), array([25], dtype=int32), array([25], dtype=int32), array([25], dtype=int32), array([25], dtype=int32), array([25], dtype=int32), array([25], dtype=int32), array([25], dtype=int32), array([25], dtype=int32), array([25], dtype=int32), array([25], dtype=int32), array([25], dtype=int32), array([25], dtype=int32), array([25], dtype=int32), array([25], dtype=int32), array([25], dtype=int32), array([25], dtype=int32), array([25], dtype=int32), array([25], dtype=int32), array([25], dtype=int32), array([25], dtype=int32), array([25], dtype=int32), array([25], dtype=int32), array([25], dtype=int32), array([25], dtype=int32), array([25], dtype=int32), array([25], dtype=int32), array([25], dtype=int32), array([25], dtype=int32), array([25], dtype=int32), array([25], dtype=int32), array([25], dtype=int32), array([25], dtype=int32), array([25], dtype=int32), array([25], dtype=int32), array([25], dtype=int32), array([25], dtype=int32), array([25], dtype=int32), array([25], dtype=int32), array([25], dtype=int32), array([25], dtype=int32), array([25], dtype=int32), array([25], dtype=int32), array([25], dtype=int32), array([25], dtype=int32), array([25], dtype=int32), array([25], dtype=int32), array([25], dtype=int32), array([25], dtype=int32), array([25], dtype=int32), array([25], dtype=int32), array([25], dtype=int32), array([25], dtype=int32), array([25], dtype=int32), array([25], dtype=int32), array([25], dtype=int32), array([25], dtype=int32), array([25], dtype=int32), array([25], dtype=int32), array([25], dtype=int32), array([25], dtype=int32), array([25], dtype=int32), array([25], dtype=int32), array([25], dtype=int32), array([25], dtype=int32), array([25], dtype=int32), array([25], dtype=int32), array([25], dtype=int32), array([25], dtype=int32), array([25], dtype=int32), array([25], dtype=int32), array([25], dtype=int32), array([25], dtype=int32), array([25], dtype=int32), array([25], dtype=int32), array([25], dtype=int32), array([25], dtype=int32), array([25], dtype=int32), array([25], dtype=int32), array([25], dtype=int32), array([25], dtype=int32), array([25], dtype=int32), array([25], dtype=int32), array([25], dtype=int32), array([25], dtype=int32), array([25], dtype=int32), array([25], dtype=int32), array([25], dtype=int32), array([25], dtype=int32), array([25], dtype=int32), array([25], dtype=int32), array([25], dtype=int32), array([25], dtype=int32), array([25], dtype=int32), array([25], dtype=int32), array([25], dtype=int32), array([25], dtype=int32), array([25], dtype=int32), array([25], dtype=int32), array([25], dtype=int32), array([25], dtype=int32), array([25], dtype=int32), array([25], dtype=int32), array([25], dtype=int32), array([25], dtype=int32), array([25], dtype=int32), array([25], dtype=int32), array([25], dtype=int32), array([25], dtype=int32), array([25], dtype=int32), array([25], dtype=int32), array([25], dtype=int32), array([25], dtype=int32), array([25], dtype=int32), array([25], dtype=int32), array([25], dtype=int32), array([25], dtype=int32), array([25], dtype=int32), array([25], dtype=int32), array([25], dtype=int32), array([25], dtype=int32), array([25], dtype=int32), array([25], dtype=int32), array([25], dtype=int32), array([25], dtype=int32), array([25], dtype=int32), array([25], dtype=int32), array([25], dtype=int32), array([25], dtype=int32), array([25], dtype=int32), array([25], dtype=int32), array([25], dtype=int32), array([25], dtype=int32), array([25], dtype=int32), array([25], dtype=int32), array([25], dtype=int32), array([25], dtype=int32), array([25], dtype=int32), array([25], dtype=int32), array([25], dtype=int32), array([25], dtype=int32), array([25], dtype=int32), array([25], dtype=int32), array([25], dtype=int32), array([25], dtype=int32), array([25], dtype=int32), array([25], dtype=int32), array([25], dtype=int32), array([25], dtype=int32), array([25], dtype=int32), array([25], dtype=int32), array([25], dtype=int32), array([25], dtype=int32), array([25], dtype=int32), array([25], dtype=int32), array([25], dtype=int32), array([25], dtype=int32), array([25], dtype=int32), array([25], dtype=int32), array([25], dtype=int32), array([25], dtype=int32), array([25], dtype=int32), array([25], dtype=int32), array([25], dtype=int32), array([25], dtype=int32), array([25], dtype=int32), array([25], dtype=int32), array([25], dtype=int32), array([25], dtype=int32), array([25], dtype=int32), array([25], dtype=int32), array([25], dtype=int32), array([25], dtype=int32), array([25], dtype=int32), array([25], dtype=int32), array([25], dtype=int32), array([25], dtype=int32), array([25], dtype=int32), array([25], dtype=int32), array([25], dtype=int32), array([25], dtype=int32), array([25], dtype=int32), array([25], dtype=int32), array([25], dtype=int32), array([25], dtype=int32), array([25], dtype=int32), array([25], dtype=int32), array([25], dtype=int32), array([25], dtype=int32), array([25], dtype=int32), array([25], dtype=int32), array([25], dtype=int32), array([25], dtype=int32), array([25], dtype=int32), array([25], dtype=int32), array([25], dtype=int32), array([25], dtype=int32), array([25], dtype=int32), array([25], dtype=int32), array([25], dtype=int32), array([25], dtype=int32), array([25], dtype=int32), array([25], dtype=int32), array([25], dtype=int32), array([25], dtype=int32), array([25], dtype=int32), array([25], dtype=int32), array([25], dtype=int32), array([25], dtype=int32), array([25], dtype=int32), array([25], dtype=int32), array([25], dtype=int32), array([25], dtype=int32), array([25], dtype=int32), array([25], dtype=int32), array([25], dtype=int32), array([25], dtype=int32), array([25], dtype=int32), array([25], dtype=int32), array([25], dtype=int32), array([25], dtype=int32), array([25], dtype=int32), array([25], dtype=int32), array([25], dtype=int32), array([25], dtype=int32), array([25], dtype=int32), array([25], dtype=int32), array([25], dtype=int32), array([25], dtype=int32), array([25], dtype=int32), array([25], dtype=int32), array([25], dtype=int32), array([25], dtype=int32), array([25], dtype=int32), array([25], dtype=int32), array([25], dtype=int32), array([25], dtype=int32), array([25], dtype=int32), array([25], dtype=int32), array([25], dtype=int32), array([25], dtype=int32), array([25], dtype=int32), array([25], dtype=int32), array([25], dtype=int32), array([25], dtype=int32), array([25], dtype=int32), array([25], dtype=int32), array([25], dtype=int32), array([25], dtype=int32), array([25], dtype=int32), array([25], dtype=int32), array([25], dtype=int32), array([25], dtype=int32), array([25], dtype=int32), array([25], dtype=int32), array([25], dtype=int32), array([25], dtype=int32), array([25], dtype=int32), array([25], dtype=int32), array([25], dtype=int32), array([25], dtype=int32), array([25], dtype=int32), array([25], dtype=int32), array([25], dtype=int32), array([25], dtype=int32), array([25], dtype=int32), array([25], dtype=int32), array([25], dtype=int32), array([25], dtype=int32), array([25], dtype=int32), array([25], dtype=int32), array([25], dtype=int32), array([25], dtype=int32), array([25], dtype=int32), array([25], dtype=int32), array([25], dtype=int32), array([25], dtype=int32), array([25], dtype=int32), array([25], dtype=int32), array([25], dtype=int32), array([25], dtype=int32), array([25], dtype=int32), array([25], dtype=int32), array([25], dtype=int32), array([25], dtype=int32), array([25], dtype=int32), array([25], dtype=int32), array([25], dtype=int32), array([25], dtype=int32), array([25], dtype=int32), array([25], dtype=int32), array([25], dtype=int32), array([25], dtype=int32), array([25], dtype=int32), array([25], dtype=int32), array([25], dtype=int32), array([25], dtype=int32), array([25], dtype=int32), array([25], dtype=int32), array([25], dtype=int32), array([25], dtype=int32), array([25], dtype=int32), array([25], dtype=int32), array([25], dtype=int32), array([25], dtype=int32), array([25], dtype=int32), array([25], dtype=int32), array([25], dtype=int32), array([25], dtype=int32), array([25], dtype=int32), array([25], dtype=int32), array([25], dtype=int32), array([25], dtype=int32), array([25], dtype=int32), array([25], dtype=int32), array([25], dtype=int32), array([25], dtype=int32), array([25], dtype=int32), array([25], dtype=int32), array([25], dtype=int32), array([25], dtype=int32), array([25], dtype=int32), array([25], dtype=int32), array([25], dtype=int32), array([25], dtype=int32), array([25], dtype=int32), array([25], dtype=int32), array([25], dtype=int32), array([25], dtype=int32), array([25], dtype=int32), array([25], dtype=int32), array([25], dtype=int32), array([25], dtype=int32), array([25], dtype=int32), array([25], dtype=int32), array([25], dtype=int32), array([25], dtype=int32), array([25], dtype=int32), array([25], dtype=int32), array([25], dtype=int32), array([25], dtype=int32), array([25], dtype=int32), array([25], dtype=int32), array([25], dtype=int32), array([25], dtype=int32), array([25], dtype=int32), array([25], dtype=int32), array([25], dtype=int32), array([25], dtype=int32), array([25], dtype=int32), array([25], dtype=int32), array([25], dtype=int32), array([25], dtype=int32), array([25], dtype=int32), array([25], dtype=int32), array([25], dtype=int32), array([25], dtype=int32), array([25], dtype=int32), array([25], dtype=int32), array([25], dtype=int32), array([25], dtype=int32), array([25], dtype=int32), array([25], dtype=int32), array([25], dtype=int32), array([25], dtype=int32), array([25], dtype=int32), array([25], dtype=int32), array([25], dtype=int32), array([25], dtype=int32), array([25], dtype=int32), array([25], dtype=int32), array([25], dtype=int32), array([25], dtype=int32), array([25], dtype=int32), array([25], dtype=int32), array([25], dtype=int32), array([25], dtype=int32), array([25], dtype=int32), array([25], dtype=int32), array([25], dtype=int32), array([25], dtype=int32), array([25], dtype=int32), array([25], dtype=int32), array([25], dtype=int32), array([25], dtype=int32), array([25], dtype=int32), array([25], dtype=int32), array([25], dtype=int32), array([25], dtype=int32), array([25], dtype=int32), array([25], dtype=int32), array([25], dtype=int32), array([25], dtype=int32), array([25], dtype=int32), array([25], dtype=int32), array([25], dtype=int32), array([25], dtype=int32), array([25], dtype=int32), array([25], dtype=int32), array([25], dtype=int32), array([25], dtype=int32), array([25], dtype=int32), array([25], dtype=int32), array([25], dtype=int32), array([25], dtype=int32), array([25], dtype=int32), array([25], dtype=int32), array([25], dtype=int32), array([25], dtype=int32), array([25], dtype=int32), array([25], dtype=int32), array([25], dtype=int32), array([25], dtype=int32), array([25], dtype=int32), array([25], dtype=int32), array([25], dtype=int32), array([25], dtype=int32), array([25], dtype=int32), array([25], dtype=int32), array([25], dtype=int32), array([25], dtype=int32), array([25], dtype=int32), array([25], dtype=int32), array([25], dtype=int32), array([25], dtype=int32), array([25], dtype=int32), array([25], dtype=int32), array([25], dtype=int32), array([25], dtype=int32), array([25], dtype=int32), array([25], dtype=int32), array([25], dtype=int32), array([25], dtype=int32), array([25], dtype=int32), array([25], dtype=int32), array([25], dtype=int32), array([25], dtype=int32), array([25], dtype=int32), array([25], dtype=int32), array([25], dtype=int32), array([25], dtype=int32), array([25], dtype=int32), array([25], dtype=int32), array([25], dtype=int32), array([25], dtype=int32), array([25], dtype=int32), array([25], dtype=int32), array([25], dtype=int32), array([25], dtype=int32), array([25], dtype=int32), array([25], dtype=int32), array([25], dtype=int32), array([25], dtype=int32), array([25], dtype=int32), array([25], dtype=int32), array([25], dtype=int32), array([25], dtype=int32), array([25], dtype=int32), array([25], dtype=int32), array([25], dtype=int32), array([25], dtype=int32), array([25], dtype=int32), array([25], dtype=int32), array([25], dtype=int32), array([25], dtype=int32), array([25], dtype=int32), array([25], dtype=int32), array([25], dtype=int32), array([25], dtype=int32), array([25], dtype=int32), array([25], dtype=int32), array([25], dtype=int32), array([25], dtype=int32), array([25], dtype=int32), array([25], dtype=int32), array([25], dtype=int32), array([25], dtype=int32), array([25], dtype=int32), array([25], dtype=int32), array([25], dtype=int32), array([25], dtype=int32), array([25], dtype=int32), array([25], dtype=int32), array([25], dtype=int32), array([25], dtype=int32), array([25], dtype=int32), array([25], dtype=int32), array([25], dtype=int32), array([25], dtype=int32), array([25], dtype=int32), array([25], dtype=int32), array([25], dtype=int32), array([25], dtype=int32), array([25], dtype=int32), array([25], dtype=int32), array([25], dtype=int32), array([25], dtype=int32), array([25], dtype=int32), array([25], dtype=int32), array([25], dtype=int32), array([25], dtype=int32), array([25], dtype=int32), array([25], dtype=int32), array([25], dtype=int32), array([25], dtype=int32), array([25], dtype=int32), array([25], dtype=int32), array([25], dtype=int32), array([25], dtype=int32), array([25], dtype=int32), array([25], dtype=int32), array([25], dtype=int32), array([25], dtype=int32), array([25], dtype=int32), array([25], dtype=int32), array([25], dtype=int32), array([25], dtype=int32), array([25], dtype=int32), array([25], dtype=int32), array([25], dtype=int32), array([25], dtype=int32), array([25], dtype=int32), array([25], dtype=int32), array([25], dtype=int32), array([25], dtype=int32), array([25], dtype=int32), array([25], dtype=int32), array([25], dtype=int32), array([25], dtype=int32), array([25], dtype=int32), array([25], dtype=int32), array([25], dtype=int32), array([25], dtype=int32), array([25], dtype=int32), array([25], dtype=int32), array([25], dtype=int32), array([25], dtype=int32), array([25], dtype=int32), array([25], dtype=int32), array([25], dtype=int32), array([25], dtype=int32), array([25], dtype=int32), array([25], dtype=int32), array([25], dtype=int32), array([25], dtype=int32), array([25], dtype=int32), array([25], dtype=int32), array([25], dtype=int32), array([25], dtype=int32), array([25], dtype=int32), array([25], dtype=int32), array([25], dtype=int32), array([25], dtype=int32), array([25], dtype=int32), array([25], dtype=int32), array([25], dtype=int32), array([25], dtype=int32), array([25], dtype=int32), array([25], dtype=int32), array([25], dtype=int32), array([25], dtype=int32), array([25], dtype=int32), array([25], dtype=int32), array([25], dtype=int32), array([25], dtype=int32), array([25], dtype=int32), array([25], dtype=int32), array([25], dtype=int32), array([25], dtype=int32), array([25], dtype=int32), array([25], dtype=int32), array([25], dtype=int32), array([25], dtype=int32), array([25], dtype=int32), array([25], dtype=int32), array([25], dtype=int32), array([25], dtype=int32), array([25], dtype=int32), array([25], dtype=int32), array([25], dtype=int32), array([25], dtype=int32), array([25], dtype=int32), array([25], dtype=int32), array([25], dtype=int32), array([25], dtype=int32), array([25], dtype=int32), array([25], dtype=int32), array([25], dtype=int32), array([25], dtype=int32), array([25], dtype=int32), array([25], dtype=int32), array([25], dtype=int32), array([25], dtype=int32), array([25], dtype=int32), array([25], dtype=int32), array([25], dtype=int32), array([25], dtype=int32), array([25], dtype=int32), array([25], dtype=int32), array([25], dtype=int32), array([25], dtype=int32), array([25], dtype=int32), array([25], dtype=int32), array([25], dtype=int32), array([25], dtype=int32), array([25], dtype=int32), array([25], dtype=int32), array([25], dtype=int32), array([25], dtype=int32), array([25], dtype=int32), array([25], dtype=int32), array([25], dtype=int32), array([25], dtype=int32), array([25], dtype=int32), array([25], dtype=int32), array([25], dtype=int32), array([25], dtype=int32), array([25], dtype=int32), array([25], dtype=int32), array([25], dtype=int32), array([25], dtype=int32), array([25], dtype=int32), array([25], dtype=int32), array([25], dtype=int32), array([25], dtype=int32), array([25], dtype=int32), array([25], dtype=int32), array([25], dtype=int32), array([25], dtype=int32), array([25], dtype=int32), array([25], dtype=int32), array([25], dtype=int32), array([25], dtype=int32), array([25], dtype=int32), array([25], dtype=int32), array([25], dtype=int32), array([25], dtype=int32), array([25], dtype=int32), array([25], dtype=int32), array([25], dtype=int32), array([25], dtype=int32), array([25], dtype=int32), array([25], dtype=int32), array([25], dtype=int32), array([25], dtype=int32), array([25], dtype=int32), array([25], dtype=int32), array([25], dtype=int32), array([25], dtype=int32), array([25], dtype=int32), array([25], dtype=int32), array([25], dtype=int32), array([25], dtype=int32), array([25], dtype=int32), array([25], dtype=int32), array([25], dtype=int32), array([25], dtype=int32), array([25], dtype=int32), array([25], dtype=int32), array([25], dtype=int32), array([25], dtype=int32), array([25], dtype=int32), array([25], dtype=int32), array([25], dtype=int32), array([25], dtype=int32), array([25], dtype=int32), array([25], dtype=int32), array([25], dtype=int32), array([25], dtype=int32), array([25], dtype=int32), array([25], dtype=int32), array([25], dtype=int32), array([25], dtype=int32), array([25], dtype=int32), array([25], dtype=int32), array([25], dtype=int32), array([25], dtype=int32), array([25], dtype=int32), array([25], dtype=int32), array([25], dtype=int32), array([25], dtype=int32), array([25], dtype=int32), array([25], dtype=int32), array([25], dtype=int32), array([25], dtype=int32), array([25], dtype=int32), array([25], dtype=int32), array([25], dtype=int32), array([25], dtype=int32), array([25], dtype=int32), array([25], dtype=int32), array([25], dtype=int32), array([25], dtype=int32), array([25], dtype=int32), array([25], dtype=int32), array([25], dtype=int32), array([25], dtype=int32), array([25], dtype=int32), array([25], dtype=int32), array([25], dtype=int32), array([25], dtype=int32), array([25], dtype=int32), array([25], dtype=int32), array([25], dtype=int32), array([25], dtype=int32), array([25], dtype=int32), array([25], dtype=int32), array([25], dtype=int32), array([25], dtype=int32), array([25], dtype=int32), array([25], dtype=int32), array([25], dtype=int32), array([25], dtype=int32), array([25], dtype=int32), array([25], dtype=int32), array([25], dtype=int32), array([25], dtype=int32), array([25], dtype=int32), array([25], dtype=int32), array([25], dtype=int32), array([25], dtype=int32), array([25], dtype=int32), array([25], dtype=int32), array([25], dtype=int32), array([25], dtype=int32), array([25], dtype=int32), array([25], dtype=int32), array([25], dtype=int32), array([25], dtype=int32), array([25], dtype=int32), array([25], dtype=int32), array([25], dtype=int32), array([25], dtype=int32), array([25], dtype=int32), array([25], dtype=int32), array([25], dtype=int32), array([25], dtype=int32), array([25], dtype=int32), array([25], dtype=int32), array([25], dtype=int32), array([25], dtype=int32), array([25], dtype=int32), array([25], dtype=int32), array([25], dtype=int32), array([25], dtype=int32), array([25], dtype=int32), array([25], dtype=int32), array([25], dtype=int32), array([25], dtype=int32), array([25], dtype=int32), array([25], dtype=int32), array([25], dtype=int32), array([25], dtype=int32), array([25], dtype=int32), array([25], dtype=int32), array([25], dtype=int32), array([25], dtype=int32), array([25], dtype=int32), array([25], dtype=int32), array([25], dtype=int32), array([25], dtype=int32), array([25], dtype=int32), array([25], dtype=int32), array([25], dtype=int32), array([25], dtype=int32), array([25], dtype=int32), array([25], dtype=int32), array([25], dtype=int32), array([25], dtype=int32), array([25], dtype=int32), array([25], dtype=int32), array([25], dtype=int32), array([25], dtype=int32), array([25], dtype=int32), array([25], dtype=int32), array([25], dtype=int32), array([25], dtype=int32), array([25], dtype=int32), array([25], dtype=int32), array([25], dtype=int32), array([25], dtype=int32), array([25], dtype=int32), array([25], dtype=int32), array([25], dtype=int32), array([25], dtype=int32), array([25], dtype=int32), array([25], dtype=int32), array([25], dtype=int32), array([25], dtype=int32), array([25], dtype=int32), array([25], dtype=int32), array([25], dtype=int32), array([25], dtype=int32), array([25], dtype=int32), array([25], dtype=int32), array([25], dtype=int32), array([25], dtype=int32), array([25], dtype=int32), array([25], dtype=int32), array([25], dtype=int32), array([25], dtype=int32), array([25], dtype=int32), array([25], dtype=int32), array([25], dtype=int32), array([25], dtype=int32), array([25], dtype=int32), array([25], dtype=int32), array([25], dtype=int32), array([25], dtype=int32), array([25], dtype=int32), array([25], dtype=int32), array([25], dtype=int32), array([25], dtype=int32), array([25], dtype=int32), array([25], dtype=int32), array([25], dtype=int32), array([25], dtype=int32), array([25], dtype=int32), array([25], dtype=int32), array([25], dtype=int32), array([25], dtype=int32), array([25], dtype=int32), array([25], dtype=int32), array([25], dtype=int32), array([25], dtype=int32), array([25], dtype=int32), array([25], dtype=int32), array([25], dtype=int32), array([25], dtype=int32), array([25], dtype=int32), array([25], dtype=int32), array([25], dtype=int32), array([25], dtype=int32), array([25], dtype=int32), array([25], dtype=int32), array([25], dtype=int32), array([25], dtype=int32), array([25], dtype=int32), array([25], dtype=int32), array([25], dtype=int32), array([25], dtype=int32), array([25], dtype=int32), array([25], dtype=int32), array([25], dtype=int32), array([25], dtype=int32), array([25], dtype=int32), array([25], dtype=int32), array([25], dtype=int32), array([25], dtype=int32), array([25], dtype=int32), array([25], dtype=int32), array([25], dtype=int32), array([25], dtype=int32), array([25], dtype=int32), array([25], dtype=int32), array([25], dtype=int32), array([25], dtype=int32), array([25], dtype=int32), array([25], dtype=int32), array([25], dtype=int32), array([25], dtype=int32), array([25], dtype=int32), array([25], dtype=int32), array([25], dtype=int32), array([25], dtype=int32), array([25], dtype=int32), array([25], dtype=int32), array([25], dtype=int32), array([25], dtype=int32), array([25], dtype=int32), array([25], dtype=int32), array([25], dtype=int32), array([25], dtype=int32), array([25], dtype=int32), array([25], dtype=int32), array([25], dtype=int32), array([25], dtype=int32), array([25], dtype=int32), array([25], dtype=int32), array([25], dtype=int32), array([25], dtype=int32), array([25], dtype=int32), array([25], dtype=int32), array([25], dtype=int32), array([25], dtype=int32), array([25], dtype=int32), array([25], dtype=int32), array([25], dtype=int32), array([25], dtype=int32), array([25], dtype=int32), array([25], dtype=int32), array([25], dtype=int32), array([25], dtype=int32), array([25], dtype=int32), array([25], dtype=int32), array([25], dtype=int32), array([25], dtype=int32), array([25], dtype=int32), array([25], dtype=int32), array([25], dtype=int32), array([25], dtype=int32), array([25], dtype=int32), array([25], dtype=int32), array([25], dtype=int32), array([25], dtype=int32), array([25], dtype=int32), array([25], dtype=int32), array([25], dtype=int32), array([25], dtype=int32), array([25], dtype=int32), array([25], dtype=int32), array([25], dtype=int32), array([25], dtype=int32), array([25], dtype=int32), array([25], dtype=int32), array([25], dtype=int32), array([25], dtype=int32), array([25], dtype=int32), array([25], dtype=int32), array([25], dtype=int32), array([25], dtype=int32), array([25], dtype=int32), array([25], dtype=int32), array([25], dtype=int32), array([25], dtype=int32), array([25], dtype=int32), array([25], dtype=int32), array([25], dtype=int32), array([25], dtype=int32), array([25], dtype=int32), array([25], dtype=int32), array([25], dtype=int32), array([25], dtype=int32), array([25], dtype=int32), array([25], dtype=int32), array([25], dtype=int32), array([25], dtype=int32), array([25], dtype=int32), array([25], dtype=int32), array([25], dtype=int32), array([25], dtype=int32), array([25], dtype=int32), array([25], dtype=int32), array([25], dtype=int32), array([25], dtype=int32), array([25], dtype=int32), array([25], dtype=int32), array([25], dtype=int32), array([25], dtype=int32), array([25], dtype=int32), array([25], dtype=int32), array([25], dtype=int32), array([25], dtype=int32), array([25], dtype=int32), array([25], dtype=int32), array([25], dtype=int32), array([25], dtype=int32), array([25], dtype=int32), array([25], dtype=int32), array([25], dtype=int32), array([25], dtype=int32), array([25], dtype=int32), array([25], dtype=int32), array([25], dtype=int32), array([25], dtype=int32), array([25], dtype=int32), array([25], dtype=int32), array([25], dtype=int32), array([25], dtype=int32), array([25], dtype=int32), array([25], dtype=int32), array([25], dtype=int32), array([25], dtype=int32), array([25], dtype=int32), array([25], dtype=int32), array([25], dtype=int32), array([25], dtype=int32), array([25], dtype=int32), array([25], dtype=int32), array([25], dtype=int32), array([25], dtype=int32), array([25], dtype=int32), array([25], dtype=int32), array([25], dtype=int32), array([25], dtype=int32), array([25], dtype=int32), array([25], dtype=int32), array([25], dtype=int32), array([25], dtype=int32), array([25], dtype=int32), array([25], dtype=int32), array([25], dtype=int32), array([25], dtype=int32), array([25], dtype=int32), array([25], dtype=int32), array([25], dtype=int32), array([25], dtype=int32), array([25], dtype=int32), array([25], dtype=int32), array([25], dtype=int32), array([25], dtype=int32), array([25], dtype=int32), array([25], dtype=int32), array([25], dtype=int32), array([25], dtype=int32), array([25], dtype=int32), array([25], dtype=int32), array([25], dtype=int32), array([25], dtype=int32), array([25], dtype=int32), array([25], dtype=int32), array([25], dtype=int32), array([25], dtype=int32), array([25], dtype=int32), array([25], dtype=int32), array([25], dtype=int32), array([25], dtype=int32), array([25], dtype=int32), array([25], dtype=int32), array([25], dtype=int32), array([25], dtype=int32), array([25], dtype=int32), array([25], dtype=int32), array([25], dtype=int32), array([25], dtype=int32), array([25], dtype=int32), array([25], dtype=int32), array([25], dtype=int32), array([25], dtype=int32), array([25], dtype=int32), array([25], dtype=int32), array([25], dtype=int32), array([25], dtype=int32), array([25], dtype=int32), array([25], dtype=int32), array([25], dtype=int32), array([25], dtype=int32), array([25], dtype=int32), array([25], dtype=int32), array([25], dtype=int32), array([25], dtype=int32), array([25], dtype=int32), array([25], dtype=int32), array([25], dtype=int32), array([25], dtype=int32), array([25], dtype=int32), array([25], dtype=int32), array([25], dtype=int32), array([25], dtype=int32), array([25], dtype=int32), array([25], dtype=int32), array([25], dtype=int32), array([25], dtype=int32), array([25], dtype=int32), array([25], dtype=int32), array([25], dtype=int32), array([25], dtype=int32), array([25], dtype=int32), array([25], dtype=int32), array([25], dtype=int32), array([25], dtype=int32), array([25], dtype=int32), array([25], dtype=int32), array([25], dtype=int32), array([25], dtype=int32), array([25], dtype=int32), array([25], dtype=int32), array([25], dtype=int32), array([25], dtype=int32), array([25], dtype=int32), array([25], dtype=int32), array([25], dtype=int32), array([25], dtype=int32), array([25], dtype=int32), array([25], dtype=int32), array([25], dtype=int32), array([25], dtype=int32), array([25], dtype=int32), array([25], dtype=int32), array([25], dtype=int32), array([25], dtype=int32), array([25], dtype=int32), array([25], dtype=int32), array([25], dtype=int32), array([25], dtype=int32), array([25], dtype=int32), array([25], dtype=int32), array([25], dtype=int32), array([25], dtype=int32), array([25], dtype=int32), array([25], dtype=int32), array([25], dtype=int32), array([25], dtype=int32), array([25], dtype=int32), array([25], dtype=int32), array([25], dtype=int32), array([25], dtype=int32), array([25], dtype=int32), array([25], dtype=int32), array([25], dtype=int32), array([25], dtype=int32), array([25], dtype=int32), array([25], dtype=int32), array([25], dtype=int32), array([25], dtype=int32), array([25], dtype=int32), array([25], dtype=int32), array([25], dtype=int32), array([25], dtype=int32), array([25], dtype=int32), array([25], dtype=int32), array([25], dtype=int32), array([25], dtype=int32), array([25], dtype=int32), array([25], dtype=int32), array([25], dtype=int32), array([25], dtype=int32), array([25], dtype=int32), array([25], dtype=int32), array([25], dtype=int32), array([25], dtype=int32), array([25], dtype=int32), array([25], dtype=int32), array([25], dtype=int32), array([25], dtype=int32), array([25], dtype=int32), array([25], dtype=int32), array([25], dtype=int32), array([25], dtype=int32), array([25], dtype=int32), array([25], dtype=int32), array([25], dtype=int32), array([25], dtype=int32), array([25], dtype=int32), array([25], dtype=int32), array([25], dtype=int32), array([25], dtype=int32), array([25], dtype=int32), array([25], dtype=int32), array([25], dtype=int32), array([25], dtype=int32), array([25], dtype=int32), array([25], dtype=int32), array([25], dtype=int32), array([25], dtype=int32), array([25], dtype=int32), array([25], dtype=int32), array([25], dtype=int32), array([25], dtype=int32), array([25], dtype=int32), array([25], dtype=int32), array([25], dtype=int32), array([25], dtype=int32), array([25], dtype=int32), array([25], dtype=int32), array([25], dtype=int32), array([25], dtype=int32), array([25], dtype=int32), array([25], dtype=int32), array([25], dtype=int32), array([25], dtype=int32), array([25], dtype=int32), array([25], dtype=int32), array([25], dtype=int32), array([25], dtype=int32), array([25], dtype=int32), array([25], dtype=int32), array([25], dtype=int32), array([25], dtype=int32), array([25], dtype=int32), array([25], dtype=int32), array([25], dtype=int32), array([25], dtype=int32), array([25], dtype=int32), array([25], dtype=int32), array([25], dtype=int32), array([25], dtype=int32), array([25], dtype=int32), array([25], dtype=int32), array([25], dtype=int32), array([25], dtype=int32), array([25], dtype=int32), array([25], dtype=int32), array([25], dtype=int32), array([25], dtype=int32), array([25], dtype=int32), array([25], dtype=int32), array([25], dtype=int32), array([25], dtype=int32), array([25], dtype=int32), array([25], dtype=int32), array([25], dtype=int32), array([25], dtype=int32), array([25], dtype=int32), array([25], dtype=int32), array([25], dtype=int32), array([25], dtype=int32), array([25], dtype=int32), array([25], dtype=int32), array([25], dtype=int32), array([25], dtype=int32), array([25], dtype=int32), array([25], dtype=int32), array([25], dtype=int32), array([25], dtype=int32), array([25], dtype=int32), array([25], dtype=int32), array([25], dtype=int32), array([25], dtype=int32), array([25], dtype=int32), array([25], dtype=int32), array([25], dtype=int32), array([25], dtype=int32), array([25], dtype=int32), array([25], dtype=int32), array([25], dtype=int32), array([25], dtype=int32), array([25], dtype=int32), array([25], dtype=int32), array([25], dtype=int32), array([25], dtype=int32), array([25], dtype=int32), array([25], dtype=int32), array([25], dtype=int32), array([25], dtype=int32), array([25], dtype=int32), array([25], dtype=int32), array([25], dtype=int32), array([25], dtype=int32), array([25], dtype=int32), array([25], dtype=int32), array([25], dtype=int32), array([25], dtype=int32), array([25], dtype=int32), array([25], dtype=int32), array([25], dtype=int32), array([25], dtype=int32), array([25], dtype=int32), array([25], dtype=int32), array([25], dtype=int32), array([25], dtype=int32), array([25], dtype=int32), array([25], dtype=int32), array([25], dtype=int32), array([25], dtype=int32), array([25], dtype=int32), array([25], dtype=int32), array([25], dtype=int32), array([25], dtype=int32), array([25], dtype=int32), array([25], dtype=int32), array([25], dtype=int32), array([25], dtype=int32), array([25], dtype=int32), array([25], dtype=int32), array([25], dtype=int32), array([25], dtype=int32), array([25], dtype=int32), array([25], dtype=int32), array([25], dtype=int32), array([25], dtype=int32), array([25], dtype=int32), array([25], dtype=int32), array([25], dtype=int32), array([25], dtype=int32), array([25], dtype=int32), array([25], dtype=int32), array([25], dtype=int32), array([25], dtype=int32), array([25], dtype=int32), array([25], dtype=int32), array([25], dtype=int32), array([25], dtype=int32), array([25], dtype=int32), array([25], dtype=int32), array([25], dtype=int32), array([25], dtype=int32), array([25], dtype=int32), array([25], dtype=int32), array([25], dtype=int32), array([25], dtype=int32), array([25], dtype=int32), array([25], dtype=int32), array([25], dtype=int32), array([25], dtype=int32), array([25], dtype=int32), array([25], dtype=int32), array([25], dtype=int32), array([25], dtype=int32), array([25], dtype=int32), array([25], dtype=int32), array([25], dtype=int32), array([25], dtype=int32), array([25], dtype=int32), array([25], dtype=int32), array([25], dtype=int32), array([25], dtype=int32), array([25], dtype=int32), array([25], dtype=int32), array([25], dtype=int32), array([25], dtype=int32), array([25], dtype=int32), array([25], dtype=int32), array([25], dtype=int32), array([25], dtype=int32), array([25], dtype=int32), array([25], dtype=int32), array([25], dtype=int32), array([25], dtype=int32), array([25], dtype=int32), array([25], dtype=int32), array([25], dtype=int32), array([25], dtype=int32), array([25], dtype=int32), array([25], dtype=int32), array([25], dtype=int32), array([25], dtype=int32), array([25], dtype=int32), array([25], dtype=int32), array([25], dtype=int32), array([25], dtype=int32), array([25], dtype=int32), array([25], dtype=int32), array([25], dtype=int32), array([25], dtype=int32), array([25], dtype=int32), array([25], dtype=int32), array([25], dtype=int32), array([25], dtype=int32), array([25], dtype=int32), array([25], dtype=int32), array([25], dtype=int32), array([25], dtype=int32), array([25], dtype=int32), array([25], dtype=int32), array([25], dtype=int32), array([25], dtype=int32), array([25], dtype=int32), array([25], dtype=int32), array([25], dtype=int32), array([25], dtype=int32), array([25], dtype=int32), array([25], dtype=int32), array([25], dtype=int32), array([25], dtype=int32), array([25], dtype=int32), array([25], dtype=int32), array([25], dtype=int32), array([25], dtype=int32), array([25], dtype=int32), array([25], dtype=int32), array([25], dtype=int32), array([25], dtype=int32), array([25], dtype=int32), array([25], dtype=int32), array([25], dtype=int32), array([25], dtype=int32), array([25], dtype=int32), array([25], dtype=int32), array([25], dtype=int32), array([25], dtype=int32), array([25], dtype=int32), array([25], dtype=int32), array([25], dtype=int32), array([25], dtype=int32), array([25], dtype=int32), array([25], dtype=int32), array([25], dtype=int32), array([25], dtype=int32), array([25], dtype=int32), array([25], dtype=int32), array([25], dtype=int32), array([25], dtype=int32), array([25], dtype=int32), array([25], dtype=int32), array([25], dtype=int32), array([25], dtype=int32), array([25], dtype=int32), array([25], dtype=int32), array([25], dtype=int32), array([25], dtype=int32), array([25], dtype=int32), array([25], dtype=int32), array([25], dtype=int32), array([25], dtype=int32), array([25], dtype=int32), array([25], dtype=int32), array([25], dtype=int32), array([25], dtype=int32), array([25], dtype=int32), array([25], dtype=int32), array([25], dtype=int32), array([25], dtype=int32), array([25], dtype=int32), array([25], dtype=int32), array([25], dtype=int32), array([25], dtype=int32), array([25], dtype=int32), array([25], dtype=int32), array([25], dtype=int32), array([25], dtype=int32), array([25], dtype=int32), array([25], dtype=int32), array([25], dtype=int32), array([25], dtype=int32), array([25], dtype=int32), array([25], dtype=int32), array([25], dtype=int32), array([25], dtype=int32), array([25], dtype=int32), array([25], dtype=int32), array([25], dtype=int32), array([25], dtype=int32), array([25], dtype=int32), array([25], dtype=int32), array([25], dtype=int32), array([25], dtype=int32), array([25], dtype=int32), array([25], dtype=int32), array([25], dtype=int32), array([25], dtype=int32), array([25], dtype=int32), array([25], dtype=int32), array([25], dtype=int32), array([25], dtype=int32), array([25], dtype=int32), array([25], dtype=int32), array([25], dtype=int32), array([25], dtype=int32), array([25], dtype=int32), array([25], dtype=int32), array([25], dtype=int32), array([25], dtype=int32), array([25], dtype=int32), array([25], dtype=int32), array([25], dtype=int32), array([25], dtype=int32), array([25], dtype=int32), array([25], dtype=int32), array([25], dtype=int32), array([25], dtype=int32), array([25], dtype=int32), array([25], dtype=int32), array([25], dtype=int32), array([25], dtype=int32), array([25], dtype=int32), array([25], dtype=int32), array([25], dtype=int32), array([25], dtype=int32), array([25], dtype=int32), array([25], dtype=int32), array([25], dtype=int32), array([25], dtype=int32), array([25], dtype=int32), array([25], dtype=int32), array([25], dtype=int32), array([25], dtype=int32), array([25], dtype=int32), array([25], dtype=int32), array([25], dtype=int32), array([25], dtype=int32), array([25], dtype=int32), array([25], dtype=int32), array([25], dtype=int32), array([25], dtype=int32), array([25], dtype=int32), array([25], dtype=int32), array([25], dtype=int32), array([25], dtype=int32), array([25], dtype=int32), array([25], dtype=int32), array([25], dtype=int32), array([25], dtype=int32), array([25], dtype=int32), array([25], dtype=int32), array([25], dtype=int32), array([25], dtype=int32), array([25], dtype=int32), array([25], dtype=int32), array([25], dtype=int32), array([25], dtype=int32), array([25], dtype=int32), array([25], dtype=int32), array([25], dtype=int32), array([25], dtype=int32), array([25], dtype=int32), array([25], dtype=int32), array([25], dtype=int32), array([25], dtype=int32), array([25], dtype=int32), array([25], dtype=int32), array([25], dtype=int32), array([25], dtype=int32), array([25], dtype=int32), array([25], dtype=int32), array([25], dtype=int32), array([25], dtype=int32), array([25], dtype=int32), array([25], dtype=int32), array([25], dtype=int32), array([25], dtype=int32), array([25], dtype=int32), array([25], dtype=int32), array([25], dtype=int32), array([25], dtype=int32), array([25], dtype=int32), array([25], dtype=int32), array([25], dtype=int32), array([25], dtype=int32), array([25], dtype=int32), array([25], dtype=int32), array([25], dtype=int32), array([25], dtype=int32), array([25], dtype=int32), array([25], dtype=int32), array([25], dtype=int32), array([25], dtype=int32), array([25], dtype=int32), array([25], dtype=int32), array([25], dtype=int32), array([25], dtype=int32), array([25], dtype=int32), array([25], dtype=int32), array([25], dtype=int32), array([25], dtype=int32), array([25], dtype=int32), array([25], dtype=int32), array([25], dtype=int32), array([25], dtype=int32), array([25], dtype=int32), array([25], dtype=int32), array([25], dtype=int32), array([25], dtype=int32), array([25], dtype=int32), array([25], dtype=int32), array([25], dtype=int32), array([25], dtype=int32), array([25], dtype=int32), array([25], dtype=int32), array([25], dtype=int32), array([25], dtype=int32), array([25], dtype=int32), array([25], dtype=int32), array([25], dtype=int32), array([25], dtype=int32), array([25], dtype=int32), array([25], dtype=int32), array([25], dtype=int32), array([25], dtype=int32), array([25], dtype=int32), array([25], dtype=int32), array([25], dtype=int32), array([25], dtype=int32), array([25], dtype=int32), array([25], dtype=int32), array([25], dtype=int32), array([25], dtype=int32), array([25], dtype=int32)]","[array([4.35955115]), array([6.3532111]), array([4.69971027]), array([6.812757]), array([7.33721808]), array([3.68032704]), array([8.10134512]), array([7.75432518]), array([7.94166411]), array([8.70083399]), array([6.95308905]), array([9.15933408]), array([8.04251214]), array([5.73725903]), array([6.07754512]), array([7.05024812]), array([4.76497405]), array([5.02733121]), array([6.52808201]), array([8.59839004]), array([7.98399712]), array([6.266978]), array([10.78323713]), array([6.55985608]), array([3.38889706]), array([7.51140316]), array([7.59446913]), array([4.73195205]), array([9.64644211]), array([10.76026106]), array([7.12152908]), array([9.6269821]), array([12.98303217]), array([9.52169211]), array([7.67341706]), array([3.74044204]), array([6.18259413]), array([6.19103497]), array([6.41883308]), array([8.15967509]), array([5.5193001]), array([4.10760414]), array([4.75193818]), array([5.9240101]), array([7.38528511]), array([4.01792905]), array([5.88341915]), array([7.04695618]), array([10.17802408]), array([9.57515903]), array([5.17649412]), array([5.75601793]), array([9.41980511]), array([8.14822914]), array([8.95454427]), array([8.15858311]), array([2.73263806]), array([9.14098899]), array([8.02051222]), array([5.8065392]), array([10.20270004]), array([9.18918998]), array([9.14264309]), array([4.85350907]), array([8.96048104]), array([7.23306207]), array([3.95301606]), array([7.70608006]), array([11.12652711]), array([7.21741519]), array([9.46651612]), array([7.52982808]), array([10.76026106]), array([5.88960004]), array([10.59559511]), array([9.35912704]), array([3.90524099]), array([7.67809306]), array([1.25504902]), array([7.57327913]), array([5.32132214]), array([6.63944707]), array([9.12337808]), array([7.81340314]), array([11.25542911]), array([9.05602312]), array([4.35177111]), array([5.67498211]), array([7.325521]), array([7.49157014]), array([6.54380117]), array([5.21831501]), array([6.98299607]), array([4.90823809]), array([6.09623001]), array([6.23757205]), array([6.23741503]), array([7.63190918]), array([8.90529313]), array([10.37731318]), array([5.69776423]), array([6.51441614]), array([8.43345312]), array([9.94448518]), array([5.31341006]), array([6.6386301]), array([8.08646211]), array([7.60363715]), array([8.47397416]), array([4.87981115]), array([7.63190918]), array([1.74951511]), array([4.61089308]), array([8.50067605]), array([5.38632413]), array([6.21212799]), array([8.41456802]), array([7.34981711]), array([3.29515305]), array([6.64164396]), array([7.90074708]), array([6.98090911]), array([8.98576313]), array([6.95492806]), array([4.04218409]), array([5.69844413]), array([4.46955997]), array([11.6181302]), array([12.19588906]), array([5.69793018]), array([9.26485215]), array([8.41813107]), array([11.82479519]), array([8.38302405]), array([6.00383212]), array([8.22684207]), array([7.00413009]), array([2.55449403]), array([2.40781804]), array([11.0911811]), array([9.92086109]), array([5.34599105]), array([10.77255412]), array([8.43940217]), array([6.68966312]), array([3.32908715]), array([6.82707809]), array([8.09380011]), array([9.5025221]), array([5.74150506]), array([9.17943708]), array([7.33321301]), array([7.57898509]), array([6.67645614]), array([8.387559]), array([6.9305771]), array([10.0697211]), array([11.64492709]), array([7.07251306]), array([6.32595613]), array([8.47685716]), array([5.95701621]), array([9.05992509]), array([7.15890023]), array([5.93656111]), array([7.53310111]), array([7.95201805]), array([6.33667507]), array([10.48118418]), array([5.50267514]), array([5.46802915]), array([7.83769509]), array([5.98634914]), array([13.61019105]), array([7.37840913]), array([10.06879614]), array([7.04978008]), array([10.62419401]), array([8.79060608]), array([7.55291407]), array([9.26067314]), array([9.13186409]), array([9.61762618]), array([4.8682471]), array([8.90552302]), array([8.40768005]), array([9.83248611]), array([10.35231102]), array([2.21379807]), array([11.83693712]), array([7.30866416]), array([6.36808203]), array([7.53396513]), array([9.8501591]), array([6.20308011]), array([6.84588108]), array([4.19097504]), array([8.25595705]), array([7.62822305]), array([7.50638311]), array([2.29902805]), array([9.48623303]), array([7.98981212]), array([6.78271012]), array([12.70665412]), array([8.08489908]), array([5.90283216]), array([7.09595513]), array([5.69755512]), array([7.2874811]), array([7.82981902]), array([5.80370909]), array([8.39618117]), array([8.90588105]), array([9.84592408]), array([9.24553602]), array([5.95060501]), array([5.43846905]), array([9.23061106]), array([8.04139515]), array([7.35975011]), array([9.16967218]), array([1.01612096]), array([7.99410812]), array([7.98648208]), array([6.32827099]), array([7.50749803]), array([6.50758212]), array([1.80047009]), array([7.42380312]), array([4.72158109]), array([11.16664908]), array([3.83104702]), array([7.08039507]), array([8.63743204]), array([10.87431916]), array([7.80322999]), array([9.6722571]), array([10.88874911]), array([5.67628107]), array([12.60668711]), array([3.30493815]), array([10.75685405]), array([9.00078612]), array([8.96319918]), array([8.08230108]), array([6.54380117]), array([6.18986005]), array([7.13691115]), array([8.61176613]), array([10.13681211]), array([6.31155013]), array([9.68610111]), array([7.84597719]), array([4.93599501]), array([4.46820718]), array([5.13916109]), array([8.84201307]), array([14.13139613]), array([11.86454618]), array([4.10782813]), array([5.51226918]), array([9.54290715]), array([6.771141]), array([8.23079815]), array([6.85780409]), array([10.49894105]), array([9.50854708]), array([5.84959809]), array([6.74859805]), array([9.21055406]), array([4.59116611]), array([6.43955307]), array([8.08489908]), array([8.56261711]), array([11.86152801]), array([7.32241005]), array([7.83658607]), array([8.16012812]), array([8.30125014]), array([6.65805312]), array([6.55878603]), array([5.96499819]), array([7.89545314]), array([5.49241308]), array([5.06288718]), array([11.4072751]), array([8.93797706]), array([5.26050602]), array([10.02053012]), array([5.40162214]), array([9.31995705]), array([3.9024631]), array([6.67449617]), array([9.05398712]), array([9.92855909]), array([5.1202561]), array([12.19556607]), array([8.81922606]), array([10.82568102]), array([6.91496914]), array([9.24539125]), array([8.05094309]), array([8.8034361]), array([7.08983803]), array([8.15125006]), array([7.39110405]), array([3.37631803]), array([3.31462306]), array([6.46519106]), array([7.42869109]), array([6.41278614]), array([9.196466]), array([2.203055]), array([8.17411797]), array([7.82935105]), array([5.61628412]), array([8.61299408]), array([6.90901806]), array([4.60052907]), array([8.59480205]), array([8.15034497]), array([5.80682604]), array([8.06041207]), array([8.48694303]), array([5.08686412]), array([7.80589413]), array([5.99984402]), array([8.50272607]), array([7.88500709]), array([8.58196807]), array([9.94380595]), array([5.60604404]), array([8.28153601]), array([4.98750715]), array([7.1042671]), array([8.333537]), array([11.82463718]), array([10.37182304]), array([6.14778812]), array([6.538481]), array([8.1873791]), array([5.30326803]), array([6.46695809]), array([10.91654318]), array([5.82591811]), array([9.89050815]), array([7.41947511]), array([8.7152071]), array([7.52787109]), array([3.22258021]), array([9.59024716]), array([7.72594596]), array([6.35806403]), array([9.12796711]), array([5.5208351]), array([8.25458809]), array([9.63986814]), array([11.45571415]), array([12.54238921]), array([5.82723205]), array([7.39003608]), array([9.23046699]), array([10.12017798]), array([5.18549803]), array([10.07045811]), array([6.98098114]), array([4.65631005]), array([5.98662506]), array([9.55357312]), array([8.41701504]), array([5.81025304]), array([5.73805721]), array([8.00218511]), array([4.87992811]), array([2.69167094]), array([7.5788171]), array([9.98520808]), array([5.98015209]), array([6.46174003]), array([8.87017417]), array([6.86322915]), array([11.82662916]), array([7.88803203]), array([3.58920397]), array([9.27740008]), array([6.755173]), array([5.180391]), array([7.57175216]), array([5.43018506]), array([7.3346871]), array([5.91111713]), array([3.52705104]), array([6.69682912]), array([7.0414481]), array([11.14789014]), array([5.8372471]), array([6.42062607]), array([9.33127713]), array([3.63116798]), array([9.49804807]), array([5.45984305]), array([6.06659804]), array([1.9002431]), array([9.07761204]), array([9.51099113]), array([10.08249009]), array([4.16518716]), array([8.34400709]), array([8.81759906]), array([9.04390604]), array([7.62756004]), array([9.73400807]), array([9.00947115]), array([7.35420415]), array([1.23198904]), array([3.74745111]), array([8.70798912]), array([6.61005913]), array([6.7377473]), array([5.92629108]), array([7.02906815]), array([5.84507706]), array([1.20415004]), array([9.715454]), array([5.65601307]), array([8.37153906]), array([9.35225415]), array([6.05464611]), array([6.41187705]), array([6.84588108]), array([11.69620317]), array([8.54434807]), array([7.42847409]), array([8.76845201]), array([4.74744409]), array([8.28629315]), array([5.74947098]), array([6.39140813]), array([7.41802914]), array([11.3655951]), array([4.08538913]), array([8.54791003]), array([8.73745205]), array([6.84423513]), array([9.06847616]), array([8.82107418]), array([4.35812911]), array([5.64656309]), array([1.65854509]), array([9.26406102]), array([9.59651008]), array([7.09675213]), array([6.48734496]), array([8.60770099]), array([7.87562611]), array([6.54380117]), array([7.29764506]), array([6.70989809]), array([5.44333709]), array([5.2814481]), array([8.7948771]), array([5.82200492]), array([5.23816101]), array([10.64665703]), array([8.73487918]), array([9.88851612]), array([8.56854218]), array([5.57794618]), array([3.42204817]), array([3.89533605]), array([6.93897305]), array([7.45606114]), array([9.73694208]), array([4.2100151]), array([6.93283002]), array([11.78423808]), array([5.4969181]), array([8.44868413]), array([11.19079515]), array([6.8756301]), array([4.92410204]), array([9.09878409]), array([6.39002409]), array([6.58500603]), array([6.19327509]), array([7.52986814]), array([8.97771321]), array([8.21763907]), array([9.18119013]), array([6.49507593]), array([7.82445903]), array([8.61664212]), array([3.68973313]), array([7.48023603]), array([9.02332909]), array([6.8967801]), array([9.80775498]), array([5.77398508]), array([4.79146507]), array([7.52450107]), array([8.44831413]), array([7.75066813]), array([2.99101207]), array([1.94904002]), array([4.81681605]), array([10.70817707]), array([10.90783524]), array([4.08785605]), array([7.26691011]), array([8.12257116]), array([9.54375701]), array([9.37420911]), array([4.47484117]), array([4.26388111]), array([10.05313908]), array([9.32625307]), array([2.79979807]), array([5.2690121]), array([6.54380117]), array([7.20349311]), array([10.20819306]), array([7.88034405]), array([8.21913815]), array([8.31815006]), array([7.19493116]), array([5.99570001]), array([10.57164606]), array([7.8118713]), array([7.58476905]), array([9.67995617]), array([5.21252203]), array([7.42002601]), array([6.527025]), array([6.85407907]), array([3.37859816]), array([4.19648504]), array([5.79385609]), array([9.2767821]), array([9.19919006]), array([6.61050119]), array([6.50356111]), array([8.93793013]), array([4.02903603]), array([9.53423809]), array([6.37439318]), array([10.91705814]), array([5.44042808]), array([8.46020815]), array([9.58314311]), array([6.54380117]), array([6.83027108]), array([6.80550902]), array([5.51958002]), array([7.51094802]), array([8.70718316]), array([2.86743802]), array([4.07949107]), array([6.3720881]), array([8.63123705]), array([7.3227761]), array([3.48880212]), array([5.92025114]), array([5.61877707]), array([6.05612904]), array([11.1738941]), array([7.23298512]), array([7.82721014]), array([3.23301809]), array([7.95012015]), array([5.83977609]), array([10.07280217]), array([8.40135811]), array([7.02730808]), array([8.54275207]), array([5.97697606]), array([11.4766482]), array([3.80576201]), array([7.37903925]), array([7.66119817]), array([5.25309601]), array([2.12763601]), array([6.54735318]), array([5.36368109]), array([5.57308113]), array([6.72887809]), array([7.05381207]), array([10.49449407]), array([10.05022806]), array([7.49214412]), array([6.92105702]), array([4.47295111]), array([6.6432221]), array([2.92867915]), array([2.34540305]), array([3.79466719]), array([1.87418812]), array([7.42855419]), array([10.67107511]), array([4.38819208]), array([9.67504617]), array([8.21052211]), array([10.78120716]), array([5.31806111]), array([9.46230203]), array([5.99694104]), array([9.10778297]), array([5.00405605]), array([8.58232012]), array([7.67727203]), array([8.06760997]), array([4.78974499]), array([5.08777804]), array([6.546946]), array([6.4182461]), array([8.59171007]), array([4.35349612]), array([9.80775498]), array([8.42334311]), array([12.08890622]), array([4.25848321]), array([7.56774011]), array([10.1353671]), array([1.40629692]), array([7.619857]), array([10.69261217]), array([4.73390605]), array([12.83355121]), array([5.01401403]), array([7.10011117]), array([6.03294922]), array([11.70141306]), array([4.02610798]), array([7.34266105]), array([9.33214709]), array([7.70521708]), array([7.90799112]), array([7.52794721]), array([8.11786611]), array([5.15704316]), array([6.4523881]), array([3.34420517]), array([10.03721706]), array([7.52060001]), array([7.61544706]), array([5.16167512]), array([9.75980512]), array([8.16401814]), array([8.04595906]), array([7.17241416]), array([10.97481804]), array([6.0834311]), array([4.72786608]), array([2.44950618]), array([8.20701807]), array([12.33704211]), array([3.94546501]), array([4.00994809]), array([8.61627991]), array([10.68036713]), array([2.114512]), array([9.15217112]), array([4.60755499]), array([9.451398]), array([5.40463801]), array([6.17202212]), array([9.46016206]), array([8.23988607]), array([7.2238811]), array([7.88849207]), array([8.42395409]), array([6.54380117]), array([5.97422908]), array([7.67270906]), array([3.95858111]), array([1.96288205]), array([6.06527913]), array([7.1325411]), array([0.998671]), array([4.79868708]), array([9.99682106]), array([7.80006714]), array([9.81987606]), array([5.57135408]), array([8.69730705]), array([4.27116121]), array([4.13449598]), array([9.98662414]), array([2.0083951]), array([1.39507507]), array([7.91007415]), array([6.91557819]), array([8.62342503]), array([5.13916109]), array([12.36797406]), array([5.07449313]), array([6.09682405]), array([5.78554009]), array([7.73936105]), array([7.76716709]), array([10.45976004]), array([8.65132204]), array([7.69978806]), array([3.68462698]), array([7.06375204]), array([5.48220807]), array([9.44149208]), array([8.973037]), array([8.68518906]), array([6.62999105]), array([6.78769505]), array([8.13344597]), array([10.45022814]), array([4.97076015]), array([5.81593706]), array([4.16176919]), array([11.65701106]), array([6.55987112]), array([3.58979417]), array([5.63820505]), array([7.08746408]), array([8.40797415]), array([8.89923725]), array([10.88322393]), array([10.34622901]), array([9.0034401]), array([9.0773601]), array([3.88825912]), array([5.43848721]), array([9.94597611]), array([6.19216606]), array([10.46590916]), array([5.26433421]), array([6.46697009]), array([7.61388708]), array([6.40196814]), array([10.36655204]), array([7.53645104]), array([6.28302199]), array([5.06288718]), array([8.88710014]), array([2.81826712]), array([3.67365802]), array([2.53891812]), array([4.98910306]), array([8.43845421]), array([11.2459361]), array([7.43151802]), array([7.91375602]), array([9.43366313]), array([5.57308113]), array([8.04457413]), array([7.60333119]), array([10.82568102]), array([5.42405319]), array([9.47910805]), array([6.88870604]), array([10.11145712]), array([9.51480116]), array([4.12105906]), array([9.09682807]), array([6.95902417]), array([9.16617506]), array([12.27113314]), array([6.02982313]), array([5.97193607]), array([8.37329404]), array([6.3672441]), array([2.54621815]), array([7.84920407]), array([5.49155809]), array([7.5676771]), array([7.34195216]), array([3.94440012]), array([12.24575221]), array([5.38200007]), array([9.34557999]), array([8.38151204]), array([9.32443601]), array([10.54981918]), array([9.60152908]), array([6.52336905]), array([9.05429502]), array([7.76197409]), array([8.02357416]), array([4.66868408]), array([5.64504215]), array([6.1327691]), array([10.78742804]), array([9.56840906]), array([0.82497306]), array([7.63569209]), array([10.38265718]), array([2.57248996]), array([7.49668512]), array([6.58225909]), array([7.58519014]), array([3.15026509]), array([8.85292814]), array([4.11623314]), array([5.72855903]), array([5.92629108]), array([8.60760311]), array([6.63913615]), array([0.56471704]), array([5.33327716]), array([9.57081507]), array([8.17735508]), array([7.99957806]), array([10.44258609]), array([7.27416004]), array([10.86030501]), array([7.57368609]), array([5.8725821]), array([4.17078707]), array([8.80967702]), array([2.6605381]), array([2.55428102]), array([7.08570317]), array([5.89139414]), array([5.30895804]), array([4.8224731]), array([6.93263404]), array([5.93705114]), array([8.08112608]), array([11.46232915]), array([1.44033008]), array([4.02421611]), array([8.91241006]), array([11.17556709]), array([5.91039402]), array([8.46273009]), array([5.72952905]), array([9.36909605]), array([9.78147801]), array([10.08477111]), array([5.77678612]), array([4.50904701]), array([9.28446401]), array([8.61506909]), array([3.55421407]), array([3.78664008]), array([6.83707095]), array([7.13749505]), array([11.5450562]), array([4.4137651]), array([10.80755513]), array([8.43966702]), array([8.84709722]), array([6.57725312]), array([6.24360109]), array([6.79167906]), array([8.4129991]), array([7.69830812]), array([4.3626261]), array([3.75859003]), array([10.70997705]), array([12.63518119]), array([10.47490601]), array([8.59899206]), array([6.8313101]), array([4.07514822]), array([7.12783214]), array([9.19108205]), array([7.32299417]), array([7.18753108]), array([6.53381104]), array([13.37596514]), array([5.49560704]), array([4.22990905]), array([6.63613815]), array([5.80362908]), array([5.10856915]), array([7.17324114]), array([6.56091507]), array([3.14362814]), array([11.89380413]), array([7.68550305]), array([9.45207209]), array([4.13330308]), array([6.59581707]), array([10.8125471]), array([7.27237125]), array([6.85878017]), array([7.50049208]), array([5.92528207]), array([9.03645009]), array([6.78654511]), array([13.24231322]), array([8.98504404]), array([9.80638312]), array([6.56704811]), array([6.48446205]), array([10.26587511]), array([9.20226016]), array([6.58500603]), array([7.35971687]), array([5.98265513]), array([5.95526006]), array([4.801813]), array([5.30675111]), array([5.15055915]), array([6.37281306]), array([9.71709508]), array([5.63820505]), array([6.00941211]), array([11.33835001]), array([3.81380707]), array([5.70113905]), array([2.64251009]), array([8.78614406]), array([1.48071494]), array([7.61414104]), array([8.27323109]), array([9.2104681]), array([2.89828504]), array([9.10733109]), array([5.70868705]), array([7.85238902]), array([6.39970613]), array([7.71570121]), array([4.18082111]), array([5.08594607]), array([5.90487009]), array([10.2449251]), array([6.10005004]), array([1.43098208]), array([6.05101107]), array([8.52624704]), array([7.41879713]), array([4.75852014]), array([9.85810809]), array([2.96169308]), array([10.03596015]), array([7.56842013]), array([8.60357104]), array([8.62652804]), array([8.35516007]), array([10.10423107]), array([7.86626216]), array([7.02574215]), array([8.81328102]), array([1.20514723]), array([4.26033998]), array([7.13355306]), array([7.934548]), array([7.92358015]), array([5.42540601]), array([5.9781061]), array([4.77185608]), array([6.35471915]), array([3.50006723]), array([5.05537605]), array([9.57692906]), array([5.17007596]), array([4.66159405]), array([10.28188409]), array([7.14198104]), array([11.95590803]), array([7.85277912]), array([7.05917603]), array([9.11069205]), array([8.14065401]), array([5.72123412]), array([7.38262805]), array([6.10130027]), array([8.82048903]), array([6.97062709]), array([7.40828714]), array([4.55686608]), array([11.65701106]), array([9.14576104]), array([7.84464211]), array([3.68186212]), array([6.20651308]), array([9.87343809]), array([5.88319004]), array([4.4560861]), array([4.84756105]), array([5.09036831]), array([9.33790307]), array([8.38524409]), array([3.5734891]), array([2.271922]), array([8.63119715]), array([6.44629109]), array([9.1596531]), array([11.08211817]), array([9.48979804]), array([3.03884511]), array([7.70767507]), array([9.11280111]), array([5.69751802]), array([6.13561311]), array([6.73816912]), array([9.80775498]), array([1.51271611]), array([6.49313106]), array([9.48825919]), array([5.06340915]), array([7.35212115]), array([8.93245308]), array([9.6435401]), array([9.16180208]), array([5.71050007]), array([11.11988619]), array([8.17407209]), array([7.31066508]), array([5.08447307]), array([8.0011791]), array([8.08880517]), array([11.38119203]), array([8.44580101]), array([3.69060715]), array([8.7725011]), array([9.02154309]), array([2.28611515]), array([11.15262116]), array([0.36421395]), array([10.07045811]), array([5.67336111]), array([8.32418316]), array([6.48442606]), array([4.71295997]), array([9.86577209]), array([7.68708413]), array([6.25875711]), array([9.01245405]), array([6.37279904]), array([8.8164]), array([6.89975313]), array([2.75080517]), array([5.28701315]), array([6.89930214]), array([7.22620111]), array([7.13703616]), array([5.57308113]), array([9.28689325]), array([6.49836704]), array([5.90299709]), array([9.65288607]), array([9.02483901]), array([8.44881022]), array([8.23462808]), array([6.12595017]), array([8.06419498]), array([13.83735026]), array([6.67113413]), array([8.41687116]), array([3.46465892]), array([6.81050117]), array([3.69585609]), array([7.56938402]), array([10.8863981]), array([6.95702909]), array([5.53561911]), array([8.6438091]), array([8.36063014]), array([5.52570614]), array([6.50109494]), array([9.10183408]), array([7.58931112]), array([9.8182221]), array([9.08808306]), array([7.71495007]), array([4.71403311]), array([2.13603196]), array([7.20037908]), array([7.22217709]), array([8.29849308]), array([9.40333412]), array([6.06691308]), array([6.46519106]), array([4.12911406]), array([2.05176727]), array([6.34401117]), array([7.64398414]), array([8.81618312]), array([10.8557921]), array([5.74880606]), array([8.15767402]), array([5.73700709]), array([5.80641316]), array([2.23480606]), array([9.41614221]), array([9.25951911]), array([7.91068309]), array([3.94500708]), array([6.71530508]), array([5.84904511]), array([6.63441695]), array([9.04916308]), array([13.62450721]), array([9.29778915]), array([8.54991514]), array([5.51558516]), array([4.77981808]), array([10.25265507]), array([7.48116713]), array([6.08168399]), array([6.9540441]), array([9.98355697]), array([11.91429905]), array([5.41627416]), array([7.78454915]), array([7.42380312]), array([9.00554101]), array([8.09085802]), array([4.45263299]), array([4.16539404]), array([5.35698816]), array([2.47471893]), array([4.64868407]), array([8.08748805]), array([9.24825207]), array([6.9756221]), array([9.04538109]), array([6.83707119]), array([4.56624517]), array([7.81821309]), array([4.08318401]), array([6.99056309]), array([8.00092325]), array([8.1212401]), array([4.083337]), array([7.19016201]), array([8.10631701]), array([5.67928109]), array([4.94930014]), array([5.16813214]), array([9.51863817]), array([5.88747313]), array([6.54380117]), array([11.63388407]), array([4.07621813]), array([6.11301614]), array([5.54266706]), array([3.28817712]), array([7.67132109]), array([11.24355913]), array([4.04524804]), array([4.83797006]), array([10.62667017]), array([7.75784909]), array([10.01904014]), array([9.23636006]), array([6.29470812]), array([4.04531712]), array([6.9540441]), array([1.68634409]), array([7.39166301]), array([4.92723207]), array([10.08998309]), array([3.81772715]), array([5.71618118]), array([8.9277161]), array([7.26926811]), array([7.26881401]), array([8.74815299]), array([7.51513009]), array([8.62734808]), array([1.94522509]), array([10.46907711]), array([8.3338951]), array([7.28943209]), array([10.16752014]), array([8.48797407]), array([8.43490908]), array([7.37701605]), array([8.54023214]), array([6.25197802]), array([0.86214612]), array([9.77372005]), array([7.20598308]), array([7.5206831]), array([6.45036297]), array([13.99306812]), array([8.83298211]), array([7.90283195]), array([7.20598308]), array([5.97600813]), array([6.7871641]), array([8.372626]), array([9.12348594]), array([8.98935609]), array([8.13424814]), array([9.35574007]), array([8.98221104]), array([6.14720814]), array([8.82382025]), array([6.32870407]), array([3.39360904]), array([5.45145992]), array([6.01210822]), array([9.27393815]), array([5.93233214]), array([12.86387715]), array([8.08861109]), array([6.12926722]), array([1.97205402]), array([8.32407507]), array([6.65979808]), array([8.77823805]), array([10.58199011]), array([9.94177513]), array([7.8756751]), array([8.61093401]), array([9.93093214]), array([5.51763808]), array([11.22448804]), array([5.68176407]), array([6.29844908]), array([8.11786611]), array([8.65140714]), array([5.35157707]), array([4.19273103]), array([8.01902309]), array([12.56968116]), array([2.20137417]), array([10.8863981]), array([7.32346799]), array([8.90089106]), array([8.78180708]), array([8.93283211]), array([7.32293609]), array([6.12588007]), array([10.61790805]), array([3.76948407]), array([6.6733801]), array([6.11228096]), array([7.96469496]), array([9.10493311]), array([6.52607303]), array([4.18011803]), array([7.98560419]), array([7.40184817]), array([3.2461591]), array([9.92908503]), array([7.61136012]), array([8.43968713]), array([4.13449598]), array([6.47648908]), array([4.24021705]), array([10.55420305]), array([4.79890707]), array([8.5869771]), array([11.43695711]), array([7.16435309]), array([8.78784015]), array([4.18082111]), array([7.2477711]), array([11.31083214]), array([8.94688312]), array([9.00141006]), array([13.63153221]), array([10.6270741]), array([5.07527113]), array([6.26512612]), array([10.62642705]), array([6.51666604]), array([11.13714109]), array([5.15199114]), array([10.96795308]), array([10.17819815]), array([8.84291001]), array([2.13820715]), array([5.12646504]), array([8.33830106]), array([9.74518007]), array([11.22183811]), array([6.51853006]), array([5.28878808]), array([5.47952406]), array([6.39070012]), array([2.7449841]), array([2.63638617]), array([9.98229911]), array([7.36030513]), array([6.02186809]), array([5.94768209]), array([7.50521008]), array([3.00264708]), array([6.75697401]), array([10.07176905]), array([4.947368]), array([9.44107311]), array([7.65067211]), array([6.37552708]), array([9.37026116]), array([7.67809306]), array([6.91267496]), array([6.16889205]), array([7.7478351]), array([9.04399714]), array([7.49848712]), array([4.93066701]), array([6.19328817]), array([6.52570305]), array([7.87412017]), array([8.50114903]), array([6.18587912]), array([9.0111551]), array([7.20397907]), array([6.48642012]), array([10.01494405]), array([5.48821809]), array([1.4934259]), array([8.5940571]), array([8.65143909]), array([6.54380117]), array([6.00534506]), array([8.30031223]), array([8.58688621]), array([11.9249331]), array([3.68369302]), array([8.72173098]), array([6.68440005]), array([9.58745905]), array([9.25881715]), array([5.86338805]), array([10.18807008]), array([7.33655306]), array([3.52509203]), array([8.7823561]), array([6.3425361]), array([7.46846406]), array([5.34480711]), array([4.34484608]), array([5.21366607]), array([9.77944305]), array([8.52836921]), array([8.0481571]), array([8.35104514]), array([3.48661518]), array([3.59045717]), array([11.67535913]), array([11.57171012]), array([5.98756212]), array([13.40735516]), array([3.82506208]), array([7.68022201]), array([5.84164398]), array([9.24576309]), array([8.25923511]), array([8.42334311]), array([5.86572505]), array([9.09592901]), array([6.23137813]), array([5.03090111]), array([8.35610808]), array([6.35655215]), array([9.45702212]), array([9.11696421]), array([8.03062312]), array([9.53698212]), array([11.12523208]), array([9.28446401]), array([9.35436206]), array([7.8447781]), array([4.3878641]), array([1.94271108]), array([9.82906117]), array([9.29905611]), array([6.47526311]), array([1.14720413]), array([4.42687514]), array([6.14629424]), array([3.92822608]), array([4.27576595]), array([6.06194505]), array([6.74652402]), array([8.46038904]), array([7.10929004]), array([7.56230811]), array([6.53801708]), array([10.70160906]), array([4.46256903]), array([7.39818809]), array([4.32685108]), array([6.63720005]), array([2.51826106]), array([8.44289415]), array([5.48755901]), array([6.46030794]), array([9.88051721]), array([9.59760304]), array([5.48292599]), array([8.38990919]), array([6.67927808]), array([10.16209222]), array([7.49569812]), array([5.59524806]), array([9.98286112]), array([4.38018]), array([6.07368903]), array([6.27064401]), array([5.91980202]), array([4.3626261]), array([4.59377709]), array([8.88219417]), array([5.43760115]), array([6.84424414]), array([6.03309814]), array([6.36682813]), array([9.11339406]), array([9.09082009]), array([9.44195907]), array([6.30073102]), array([10.11478225]), array([6.89090707]), array([6.26408907]), array([8.09629817]), array([7.8118713]), array([9.51392314]), array([10.52309809]), array([4.55997616]), array([8.01640509]), array([3.30305712]), array([5.0990891]), array([7.40939805]), array([4.68144215]), array([5.25879309]), array([6.86541492]), array([5.898315]), array([6.11795914]), array([9.236732]), array([4.56455996]), array([9.2760142]), array([4.28041706]), array([11.0884661]), array([4.99968601]), array([5.03689208]), array([9.89189311]), array([9.77659516]), array([7.86620507]), array([6.92812198]), array([3.43147904]), array([9.33483405]), array([7.1353921]), array([8.98260805]), array([9.57545612]), array([8.19485315]), array([8.065794]), array([10.3000821]), array([13.05188512]), array([7.3151951]), array([10.13803014]), array([9.79021415]), array([8.63802304]), array([10.64359515]), array([5.72952905]), array([5.15785813]), array([7.02465607]), array([9.25241406]), array([6.6646992]), array([7.68415207]), array([8.5869771]), array([6.2632981]), array([8.457843]), array([1.15414105]), array([5.99527107]), array([6.60170406]), array([4.3009881]), array([4.06769502]), array([3.5412061]), array([2.28946007]), array([6.56261916]), array([8.15205911]), array([6.88493616]), array([6.32351699]), array([6.50772897]), array([3.26020698]), array([10.55229007]), array([7.41393811]), array([3.44551911]), array([6.03262608]), array([2.62897615]), array([7.31854612]), array([5.85702409]), array([7.25820307]), array([8.56854218]), array([8.32052716]), array([10.1161821]), array([8.34222305]), array([8.66708227]), array([5.72926902]), array([9.57072107]), array([9.7107931]), array([4.65363501]), array([7.80848414]), array([6.71279205]), array([4.56556105]), array([8.70049709]), array([8.42774611]), array([2.02213704]), array([4.84277219]), array([4.13926604]), array([11.65701106]), array([4.26956402]), array([8.97882507]), array([6.10162309]), array([6.28756805]), array([5.27668499]), array([6.53648725]), array([7.83380108]), array([8.81021817]), array([7.79120517]), array([10.55504311]), array([5.13986715]), array([6.82428808]), array([5.69164303]), array([7.33173601]), array([5.93332502]), array([4.98375597]), array([7.55071105]), array([5.50408808]), array([5.27212611]), array([7.0509891]), array([9.16249905]), array([7.77860997]), array([7.12926512]), array([10.33316714]), array([6.55466621]), array([6.63795109]), array([5.93627507]), array([15.21760808]), array([9.4263432]), array([6.41304917]), array([4.3878641]), array([8.62550208]), array([6.77990804]), array([1.18512108]), array([3.74431102]), array([10.54789415]), array([8.1041382]), array([7.86620507]), array([6.68233413]), array([6.76644304]), array([8.93501304]), array([7.9150561]), array([6.68498409]), array([6.60734508]), array([9.10054508]), array([8.56261711]), array([8.34526818]), array([8.28404403]), array([6.94006308]), array([5.08836407]), array([10.57164606]), array([5.01401403]), array([8.51603025]), array([10.47089404]), array([11.08435913]), array([8.72651194]), array([7.23617913]), array([1.7797081]), array([4.46719209]), array([9.36025207]), array([7.19812425]), array([8.04300605]), array([9.21404615]), array([2.81086509]), array([-0.53061488]), array([3.35313012]), array([13.27902407]), array([7.58251493]), array([10.64985008]), array([7.44757803]), array([5.53811302]), array([5.92666405]), array([4.29884601]), array([7.73470804]), array([8.16856101]), array([6.54380117]), array([7.01980004]), array([5.99991013]), array([5.15632502]), array([8.60760311]), array([6.47526311]), array([7.38449409]), array([6.26992106]), array([9.85641015]), array([5.75661505]), array([8.06021107]), array([8.6712021]), array([6.86332221]), array([9.36675412]), array([6.67718916]), array([10.46653809]), array([7.40983612]), array([6.58947504]), array([5.06751807]), array([7.13956411]), array([5.64700021]), array([11.97215213]), array([7.75299616]), array([4.50391411]), array([4.7266151]), array([6.69913413]), array([7.84160104]), array([9.69803306]), array([4.85277801]), array([8.17921104]), array([9.76034604]), array([7.10762611]), array([3.87439217]), array([3.97473708]), array([11.26693316]), array([4.59812206]), array([9.31115301]), array([8.48428415]), array([6.4461381]), array([7.95060812]), array([4.12229809]), array([10.11666111]), array([6.32416412]), array([7.07333113]), array([9.09818109]), array([9.26454415]), array([1.09148116]), array([8.0263561]), array([7.81259605]), array([7.66123412]), array([10.16423603]), array([6.17149201]), array([7.73323614]), array([6.95013516]), array([3.2924521]), array([1.9486971]), array([8.70934522]), array([5.52884013]), array([6.51231715]), array([4.8838471]), array([6.00268405]), array([8.45217208]), array([5.97391207]), array([3.52779417]), array([5.26151701]), array([10.15755008]), array([8.60598919]), array([7.54289407]), array([6.28612012]), array([2.59625014]), array([8.72231006]), array([6.77716112]), array([6.06659804]), array([6.80318106]), array([8.4731271]), array([6.45060411]), array([2.98477014]), array([4.55364107]), array([5.17851307]), array([8.56832021]), array([6.94447013]), array([7.00320912]), array([9.52910307]), array([2.32389602]), array([7.66534712]), array([4.87448805]), array([5.09930609]), array([6.17106414]), array([2.23453588]), array([5.29308903]), array([6.37664899]), array([6.11572507]), array([7.71914829]), array([8.66333507]), array([7.16944409]), array([3.8689532]), array([5.75965913]), array([10.84288516]), array([7.38287408]), array([6.55915209]), array([7.73007807]), array([3.09334706]), array([6.64548604]), array([6.34027015]), array([6.54746205]), array([7.52301005]), array([8.75329513]), array([11.36246106]), array([6.2615881]), array([8.42555415]), array([6.04828999]), array([4.50081208]), array([7.19508209]), array([5.86971011]), array([10.01328113]), array([6.80732305]), array([10.04963219]), array([7.3974241]), array([7.91953919]), array([7.84559908]), array([8.03395112]), array([7.68167201]), array([1.41056111]), array([8.83065113]), array([9.39814309]), array([5.0577901]), array([9.31289525]), array([5.43835213]), array([10.21377512]), array([6.64848512]), array([2.32012697]), array([5.10860412]), array([9.69093701]), array([5.13506211]), array([7.00889511]), array([6.96903219]), array([8.06483305]), array([8.77457403]), array([4.89115602]), array([6.1695751]), array([6.29529306]), array([3.82850308]), array([6.72162704]), array([8.25649201]), array([8.22845103]), array([4.71185327]), array([7.53149412]), array([6.92718308]), array([10.42232311]), array([8.82938505]), array([7.294362]), array([10.28836207]), array([9.20882709]), array([3.89899615]), array([7.55375008]), array([4.90445209]), array([8.74102717]), array([5.40591808]), array([3.03890504]), array([6.56411608]), array([11.43769806]), array([9.47855305]), array([8.66008516]), array([5.47345601]), array([7.68181521]), array([4.43126307]), array([5.51882709]), array([9.096153]), array([7.81259403]), array([7.53305211]), array([6.51595208]), array([3.57729107]), array([5.60016905]), array([2.36632508]), array([7.96688111]), array([7.71416206]), array([8.91614117]), array([5.57670612]), array([9.08507307]), array([8.27358109]), array([9.28041006]), array([5.86855114]), array([9.44510108]), array([5.84903102]), array([7.59332409]), array([3.794901]), array([5.93577214]), array([6.60111499]), array([7.31709402]), array([11.16823405]), array([7.23786008]), array([7.67061501]), array([6.7400501]), array([9.65663611]), array([7.77273595]), array([10.32641124]), array([7.75257507]), array([4.58747819]), array([7.75660712]), array([6.78454207]), array([2.49476118]), array([11.28398114]), array([6.79192213]), array([5.28890412]), array([7.48061407]), array([9.28754916]), array([9.61262516]), array([6.92258606]), array([5.07478019]), array([6.70537898]), array([8.19069809]), array([8.50360809]), array([8.95902607]), array([6.18122997]), array([5.73014521]), array([6.24652016]), array([10.26587511]), array([9.01975406]), array([6.31955311]), array([11.53391611]), array([7.75645713]), array([1.31349902]), array([9.03925099]), array([8.91610102]), array([8.59921609]), array([7.91922411]), array([10.23233407]), array([6.97534611]), array([8.28823603]), array([7.48442507]), array([9.93856509]), array([1.62036509]), array([8.19292711]), array([7.36234019]), array([7.15678112]), array([7.22820402]), array([8.6068831]), array([10.45311107]), array([6.64963404]), array([5.09768613]), array([7.59477414]), array([9.24046308]), array([7.33685216]), array([6.37216805]), array([3.89823209]), array([7.62126311]), array([3.1367751]), array([8.21436106]), array([4.44484704]), array([9.91813017]), array([7.31347209]), array([7.62500612]), array([10.24161898]), array([9.13466209]), array([11.95486519]), array([11.65701106]), array([3.67680311]), array([9.37150901]), array([7.06593597]), array([4.88857411]), array([8.31197299]), array([4.54272009]), array([6.47694515]), array([7.16707607]), array([6.01155407]), array([8.98742006]), array([5.51825602]), array([8.3717441]), array([10.90270006]), array([7.63875012]), array([9.79245914]), array([11.07860818]), array([8.07256111]), array([6.71915907]), array([12.10235322]), array([3.770819]), array([8.15993703]), array([9.36687402]), array([5.82106205])]","[0.00479623, 0.024426884, 0.021595401, 0.015145235, 0.025336529, 0.012018636, 0.015988559, 0.011967754, 0.006302174, 0.01829359, 0.026202555, 0.020784148, 0.007921, 0.022594698, 0.013119321, 0.019045322, 0.010779708, 0.006089124, 0.003313648, 0.008030834, 0.02262888, 0.015064504, 0.016133303, 0.01928766, 0.017373304, 0.017962977, 0.022746356, 0.011125181, 0.007286643, 0.012647043, 0.014057517, 0.017132187, 0.027129355, 0.020257375, 0.025509526, 0.005920642, 0.023985445, 0.018396572, 0.025595089, 0.025171765, 0.007338248, 0.008644666, 0.014654484, 0.016385374, 0.025505818, 0.007442611, 0.009555868, 0.015291856, 0.020825611, 0.009795546, 0.012176125, 0.015253161, 0.012001609, 0.028755057, 0.019804267, 0.014991176, 0.008586795, 0.024014045, 0.012154693, 0.015472659, 0.011280501, 0.020714693, 0.024315765, 0.00812467, 0.018147116, 0.011707156, 0.017796589, 0.018270697, 0.028286366, 0.011093151, 0.027140633, 0.008513764, 0.018851663, 0.022572984, 0.019842977, 0.010689902, 0.031362069, 0.021513776, 0.019826701, 0.006412496, 0.005321164, 0.025686455, 0.026834839, 0.007897875, 0.027638058, 0.009011871, 0.023230608, 0.022371621, 0.009437267, 0.026379333, 0.00922912, 0.013436232, 0.025645842, 0.023763943, 0.011905427, 0.020060651, 0.019383392, 0.023221161, 0.013458734, 0.026815114, 0.026591178, 0.019391091, 0.022174968, 0.017517871, 0.006605735, 0.019298647, 0.013162367, 0.01479807, 0.022825757, 0.021871034, 0.00576921, 0.02418397, 0.020160296, 0.018863008, 0.017186302, 0.01924747, 0.015636301, 0.029410252, 0.012911817, 0.020770928, 0.012899348, 0.015935178, 0.014493926, 0.013083368, 0.020499879, 0.013339495, 0.025456902, 0.016039205, 0.011817457, 0.017564579, 0.016473149, 0.020818972, 0.026529126, 0.018319307, 0.006974873, 0.006057328, 0.0187005, 0.007659316, 0.022774079, 0.020881525, 0.014408028, 0.004645762, 0.016221577, 0.015873066, 0.020477285, 0.015381439, 0.019406661, 0.014236007, 0.025232193, 0.016074765, 0.011699999, 0.025046996, 0.014345447, 0.01970709, 0.005741506, 0.024801458, 0.018197013, 0.031847766, 0.0116429, 0.018581458, 0.017277702, 0.024042218, 0.020068352, 0.020106119, 0.026663258, 0.018573117, 0.016497728, 0.026350625, 0.015578207, 0.022255297, 0.020592091, 0.025667511, 0.012535972, 0.012386717, 0.009790733, 0.026524385, 0.017369162, 0.017161474, 0.026525957, 0.022347117, 0.013815668, 0.013873192, 0.012844464, 0.004971495, 0.007574855, 0.023680941, 0.010654738, 0.022483724, 0.008664939, 0.016434633, 0.009461263, 0.028479107, 0.025393679, 0.023173543, 0.027219934, 0.022468442, 0.013987117, 0.019061229, 0.020505986, 0.01467676, 0.026275171, 0.02765284, 0.009803372, 0.021342901, 0.022421544, 0.008091971, 0.021147816, 0.025714333, 0.022602158, 0.026644859, 0.007602232, 0.016725087, 0.025849288, 0.014055726, 0.010831023, 0.017799725, 0.015861238, 0.022061799, 0.023587349, 0.019003655, 0.021122871, 0.009794003, 0.014538076, 0.023864354, 0.025783006, 0.009415691, 0.023286704, 0.019300474, 0.018274775, 0.017768242, 0.025973457, 0.006923542, 0.006178879, 0.005186237, 0.016864734, 0.022388376, 0.008572595, 0.021774756, 0.014899929, 0.014887228, 0.025687966, 0.003311123, 0.01507948, 0.010623439, 0.025238156, 0.012114575, 0.007348417, 0.011688943, 0.020977944, 0.015875541, 0.023916757, 0.025544702, 0.026056735, 0.025558782, 0.015090284, 0.022228013, 0.017311964, 0.023255588, 0.006675254, 0.017770119, 0.014782442, 0.021202582, 0.016378686, 0.013172048, 0.007638299, 0.025196888, 0.008154582, 0.031236705, 0.019327683, 0.021724541, 0.020720234, 0.030452246, 0.016785338, 0.018127629, 0.011244045, 0.012785066, 0.022090817, 0.028778599, 0.028811392, 0.015988825, 0.009381858, 0.025582434, 0.014708165, 0.014423066, 0.005374693, 0.027100356, 0.016411063, 0.024688038, 0.027650906, 0.003158908, 0.026511436, 0.025956631, 0.019797979, 0.026847504, 0.01798616, 0.021458531, 0.005159208, 0.021485404, 0.005144744, 0.019999152, 0.022311136, 0.018265007, 0.023212303, 0.013346134, 0.005245263, 0.01072546, 0.021546783, 0.006344798, 0.009795989, 0.030289502, 0.014254765, 0.006728123, 0.026291494, 0.006560589, 0.017522555, 0.016439467, 0.023915918, 0.016031935, 0.01930644, 0.010351505, 0.028233397, 0.026125725, 0.017623584, 0.011609787, 0.004643149, 0.015378873, 0.017789519, 0.019979715, 0.008234703, 0.023068208, 0.026338293, 0.013357966, 0.016967007, 0.026137567, 0.025701775, 0.020051716, 0.025153329, 0.01029994, 0.011293437, 0.016892185, 0.019070008, 0.007485876, 0.015631156, 0.024646542, 0.019264958, 0.026222895, 0.025937463, 0.018413304, 0.00869728, 0.016340209, 0.018927439, 0.012733994, 0.018346117, 0.026316562, 0.016586745, 0.009428521, 0.025380805, 0.021621146, 0.016339685, 0.016110062, 0.011701073, 0.016644721, 0.026785641, 0.023091689, 0.014051347, 0.016413244, 0.006638524, 0.023748375, 0.006281428, 0.004477331, 0.013485078, 0.022539436, 0.010404973, 0.00586744, 0.02428909, 0.013982173, 0.002589235, 0.027332768, 0.0205641, 0.012499929, 0.015135989, 0.0182612, 0.015351566, 0.013461181, 0.011999443, 0.009932553, 0.018338795, 0.018380185, 0.023025732, 0.004834754, 0.018406807, 0.014233507, 0.020950378, 0.025080078, 0.020114771, 0.02623262, 0.013151828, 0.005868591, 0.019911702, 0.022460878, 0.02486771, 0.009959942, 0.021970625, 0.021823948, 0.010680711, 0.021082308, 0.020407229, 0.026493089, 0.02274694, 0.02006471, 0.026282821, 0.009877892, 0.020909475, 0.014950864, 0.014357186, 0.026047324, 0.01128411, 0.008566448, 0.018186584, 0.019586963, 0.020614026, 0.010960451, 0.023650722, 0.016853749, 0.022585701, 0.028695537, 0.02661394, 0.025249012, 0.014046429, 0.008830515, 0.026559336, 0.031143374, 0.02177904, 0.022505299, 0.020906617, 0.01580703, 0.00574888, 0.014905899, 0.022182913, 0.021683141, 0.005425817, 0.013417796, 0.025481357, 0.021879407, 0.024378578, 0.014588205, 0.026588109, 0.016952018, 0.030957897, 0.021617741, 0.015157038, 0.031183547, 0.007762466, 0.019682793, 0.020375423, 0.013861352, 0.010044639, 0.008283398, 0.010532867, 0.026183661, 0.015819261, 0.009060504, 0.020000853, 0.00953162, 0.006688271, 0.025253866, 0.027027632, 0.019603901, 0.008407709, 0.013106727, 0.017236585, 0.022997176, 0.00873127, 0.01981206, 0.01379182, 0.025061489, 0.010106173, 0.029488582, 0.0065735, 0.021992736, 0.010682559, 0.021457875, 0.017633855, 0.017793148, 0.01463179, 0.011747286, 0.021270406, 0.027574236, 0.029061554, 0.021731472, 0.031468844, 0.017952206, 0.01692873, 0.021920794, 0.011835121, 0.010912715, 0.005676028, 0.011008039, 0.011804535, 0.015854333, 0.008218528, 0.022230208, 0.027110213, 0.017572366, 0.01595453, 0.020350081, 0.013366786, 0.023664912, 0.030633744, 0.025087929, 0.021692083, 0.02044704, 0.019939963, 0.031050347, 0.008933627, 0.015373515, 0.015407485, 0.03022315, 0.011512423, 0.02975102, 0.006335537, 0.025749408, 0.007167704, 0.025548989, 0.014604986, 0.019087338, 0.020579336, 0.022173164, 0.029574908, 0.025109345, 0.02414704, 0.023098557, 0.011951332, 0.026875485, 0.018585832, 0.018333428, 0.03223121, 0.011073078, 0.013053789, 0.014665144, 0.021899036, 0.006692514, 0.010024619, 0.015239202, 0.020559406, 0.015796103, 0.012789168, 0.017634739, 0.024106922, 0.018651291, 0.012801982, 0.022003143, 0.01914332, 0.027043855, 0.024023359, 0.0179624, 0.016791081, 0.021671271, 0.037124958, 0.011719325, 0.017324072, 0.016749068, 0.007434794, 0.020324475, 0.01740189, 0.029748888, 0.011886692, 0.016893668, 0.017937032, 0.034097846, 0.02179071, 0.013809437, 0.02935077, 0.02378528, 0.014974522, 0.033420931, 0.025437785, 0.018084685, 0.022306223, 0.007130931, 0.014856823, 0.033784961, 0.019624872, 0.0147334, 0.012064976, 0.026119345, 0.018184848, 0.006547369, 0.008266187, 0.028532304, 0.004882752, 0.016079641, 0.020864002, 0.015718167, 0.030887571, 0.029316892, 0.016841029, 0.02594728, 0.003340193, 0.008589972, 0.014588393, 0.025658146, 0.019597646, 0.020556759, 0.026167943, 0.014822196, 0.016205419, 0.002870269, 0.01488539, 0.012824932, 0.010908476, 0.007051608, 0.010032738, 0.024540195, 0.01827723, 0.009876348, 0.015148904, 0.025519738, 0.01489022, 0.017178611, 0.028376274, 0.021156232, 0.025683826, 0.024978476, 0.012000658, 0.028899312, 0.020057972, 0.021105018, 0.014136077, 0.013956978, 0.006334638, 0.026916389, 0.011391827, 0.019732563, 0.017306214, 0.009659792, 0.015347512, 0.029587816, 0.018481854, 0.026568286, 0.017424277, 0.003414652, 0.013437286, 0.013349893, 0.015523706, 0.012414121, 0.011023635, 0.015035428, 0.027283967, 0.015610374, 0.02190791, 0.025084895, 0.019840628, 0.014179228, 0.024181677, 0.025361979, 0.018100147, 0.023681211, 0.015329736, 0.017851219, 0.026279902, 0.011047941, 0.025267097, 0.025211075, 0.014967955, 0.02751268, 0.006785001, 0.033890384, 0.022621921, 0.025946178, 0.012189799, 0.024556058, 0.02876973, 0.024796036, 0.009677713, 0.022133562, 0.006410324, 0.00900145, 0.026212169, 0.009138716, 0.013564877, 0.012380909, 0.024677131, 0.011791658, 0.027148579, 0.020159748, 0.003566093, 0.02723346, 0.022849822, 0.011271755, 0.013150175, 0.008462994, 0.011250105, 0.015379485, 0.022439786, 0.028157219, 0.018301666, 0.006996254, 0.027115539, 0.017512819, 0.013047522, 0.0258382, 0.019238958, 0.025418083, 0.005873133, 0.013844087, 0.012919937, 0.011132524, 0.00893343, 0.026897301, 0.027167484, 0.014013799, 0.01587781, 0.02633883, 0.018832431, 0.009185609, 0.019872398, 0.010058218, 0.023696506, 0.014813354, 0.024940942, 0.030537948, 0.027616028, 0.028184213, 0.029933455, 0.01881862, 0.015918886, 0.013388618, 0.014170404, 0.025303636, 0.018098187, 0.007144478, 0.005116006, 0.010332508, 0.012355874, 0.008341914, 0.017256034, 0.021893083, 0.0176269, 0.032963161, 0.017435908, 0.013269024, 0.017700453, 0.023082156, 0.012998605, 0.017886775, 0.006063783, 0.019172099, 0.012037318, 0.021970935, 0.021677125, 0.013778579, 0.034746382, 0.009152643, 0.01486729, 0.028632883, 0.021312508, 0.017860565, 0.024992624, 0.028660208, 0.030582828, 0.034301927, 0.006372023, 0.010846637, 0.017309841, 0.008103984, 0.020192438, 0.02681314, 0.020728919, 0.015089506, 0.030886864, 0.033614339, 0.020468566, 0.026920901, 0.014466093, 0.008034239, 0.017446616, 0.025212298, 0.017425248, 0.012925525, 0.029209854, 0.017463555, 0.003855655, 0.015917453, 0.006940977, 0.020684609, 0.03134941, 0.028380649, 0.019654678, 0.018179129, 0.017061281, 0.025111693, 0.026310223, 0.030302423, 0.030738938, 0.022839733, 0.017247462, 0.028862061, 0.019819146, 0.030168218, 0.013426345, 0.027340731, 0.013712606, 0.024235937, 0.021385175, 0.025478561, 0.008797829, 0.016208355, 0.020557599, 0.033421594, 0.019999138, 0.031935735, 0.023791673, 0.020715894, 0.039735925, 0.024588657, 0.007060445, 0.023539477, 0.027900644, 0.022530623, 0.02842414, 0.024124922, 0.017352799, 0.008979942, 0.026203463, 0.020576316, 0.030792965, 0.022843468, 0.033422899, 0.017905054, 0.028941805, 0.006460351, 0.010587343, 0.020870036, 0.026335155, 0.008203658, 0.022854707, 0.012101037, 0.016374752, 0.022682935, 0.004924158, 0.021369377, 0.016576861, 0.004668376, 0.015441532, 0.02625328, 0.023976924, 0.025746851, 0.008820921, 0.005191126, 0.020917342, 0.016856923, 0.002522373, 0.007751022, 0.016122879, 0.01749905, 0.026227837, 0.025967195, 0.012876861, 0.012745115, 0.028864975, 0.02015197, 0.029037998, 0.014542439, 0.020492462, 0.006806805, 0.014667259, 0.006924447, 0.014300809, 0.022474531, 0.016078114, 0.021928424, 0.010229264, 0.016307598, 0.022281803, 0.014250943, 0.020190513, 0.020893325, 0.004875761, 0.026004105, 0.003118245, 0.025100237, 0.016949656, 0.01750772, 0.017162066, 0.019448225, 0.013477406, 0.00689293, 0.023587193, 0.014535492, 0.02295066, 0.017216686, 0.007798732, 0.024789041, 0.021546113, 0.026094364, 0.010506506, 0.011109745, 0.015413166, 0.027209353, 0.02012525, 0.005140285, 0.004834653, 0.025751822, 0.018665784, 0.025037609, 0.004511093, 0.02878664, 0.021018124, 0.007717932, 0.006834147, 0.017481695, 0.012176364, 0.007138163, 0.008844165, 0.009305512, 0.02333005, 0.025678185, 0.01054536, 0.024467799, 0.024713673, 0.013172976, 0.017697942, 0.032011553, 0.018576459, 0.016506986, 0.01743264, 0.010284603, 0.032656812, 0.005802918, 0.017733773, 0.023275061, 0.022755228, 0.023015442, 0.029478391, 0.005082081, 0.01839906, 0.013269696, 0.017381072, 0.016664042, 0.013238149, 0.022269746, 0.021229329, 0.020643542, 0.017972119, 0.023412919, 0.007113146, 0.020586401, 0.025693086, 0.009119729, 0.021728837, 0.026473501, 0.007727194, 0.004758394, 0.015648477, 0.01127732, 0.02116735, 0.023492421, 0.022096268, 0.020070961, 0.029127011, 0.009404436, 0.026573173, 0.008828974, 0.022358498, 0.025434474, 0.013052604, 0.009327205, 0.006774387, 0.017607729, 0.011967847, 0.025425536, 0.019683885, 0.009615249, 0.026794812, 0.008549049, 0.018601167, 0.033346389, 0.035214672, 0.012932956, 0.006629563, 0.030506821, 0.010143469, 0.014738618, 0.023223967, 0.019324619, 0.006747259, 0.026758872, 0.019909591, 0.02039593, 0.023548126, 0.014016705, 0.005479589, 0.015354814, 0.007709542, 0.020477689, 0.019763754, 0.019773954, 0.015833695, 0.02172994, 0.014406501, 0.026180058, 0.008892032, 0.015188168, 0.021125472, 0.023475096, 0.009849274, 0.020976113, 0.00488798, 0.007429038, 0.030115276, 0.009768206, 0.016255891, 0.011220901, 0.024916003, 0.00316488, 0.024571381, 0.016143979, 0.025565934, 0.024640364, 0.016271206, 0.019701519, 0.010223584, 0.006475805, 0.007031684, 0.018308374, 0.013746716, 0.006709457, 0.020027831, 0.018817133, 0.013378277, 0.013334929, 0.014214922, 0.022002312, 0.020624444, 0.002472784, 0.007059036, 0.014084749, 0.014577141, 0.021369745, 0.016175081, 0.010916257, 0.026390546, 0.009942285, 0.028433735, 0.0219067, 0.009731181, 0.01692738, 0.020398023, 0.017699824, 0.01594846, 0.028147162, 0.018863768, 0.002493029, 0.02116273, 0.004721994, 0.018657046, 0.01294162, 0.020650775, 0.024974839, 0.025367271, 0.020145687, 0.023273225, 0.008640298, 0.019323189, 0.026512648, 0.022053622, 0.011093787, 0.006354904, 0.020191176, 0.025535718, 0.020338949, 0.005506798, 0.019193228, 0.02393588, 0.025789715, 0.020491314, 0.024568193, 0.019270382, 0.006824888, 0.010878201, 0.009380567, 0.026755308, 0.005618299, 0.008306491, 0.024188024, 0.003856237, 0.016181567, 0.009545728, 0.025273198, 0.017291736, 0.002594712, 0.015827083, 0.025048812, 0.023069602, 0.013285825, 0.013436735, 0.014667084, 0.006601402, 0.016157476, 0.01624058, 0.026579457, 0.017612435, 0.020507856, 0.025815741, 0.017883515, 0.021035823, 0.017995161, 0.022198681, 0.026479202, 0.016128036, 0.009164587, 0.023284183, 0.012449986, 0.019491415, 0.011328273, 0.027187078, 0.024169856, 0.017300416, 0.025698729, 0.027025746, 0.020916907, 0.016167448, 0.010802582, 0.010509993, 0.014180665, 0.024165532, 0.018345149, 0.022791756, 0.012593612, 0.018640092, 0.020752566, 0.015830883, 0.02752833, 0.026277504, 0.028663778, 0.026598623, 0.020202547, 0.01056989, 0.028461566, 0.02636024, 0.028167364, 0.020644328, 0.018770146, 0.023100015, 0.013330346, 0.032811458, 0.021619866, 0.020504451, 0.013808349, 0.017065619, 0.03404914, 0.016156383, 0.029616952, 0.027423887, 0.028607547, 0.021927841, 0.03052573, 0.01798818, 0.014628081, 0.007302592, 0.029416004, 0.0263822, 0.009585916, 0.024063551, 0.007583493, 0.030985495, 0.033632145, 0.01272085, 0.009407429, 0.016642523, 0.022113269, 0.027852726, 0.008148431, 0.029585711, 0.008482762, 0.018014299, 0.018553365, 0.023113189, 0.015636935, 0.009531693, 0.028351678, 0.020032161, 0.019499568, 0.007599106, 0.030838815, 0.027153552, 0.018905856, 0.005882227, 0.020846499, 0.007613563, 0.01583053, 0.031453989, 0.017106316, 0.006714329, 0.009386018, 0.032401228, 0.025009492, 0.023672014, 0.027261257, 0.009948468, 0.033057479, 0.030474859, 0.026982279, 0.024773754, 0.017219683, 0.02621469, 0.026171824, 0.024853997, 0.028442304, 0.031518484, 0.020492616, 0.00738238, 0.008537309, 0.01671501, 0.003646377, 0.014578426, 0.020521141, 0.009325544, 0.031890911, 0.022802958, 0.035312533, 0.014812702, 0.038991643, 0.032119913, 0.019663373, 0.021776997, 0.0200109, 0.023413081, 0.01235497, 0.018253511, 0.025984793, 0.017152111, 0.014626223, 0.008627163, 0.009649166, 0.015903639, 0.01690817, 0.008522078, 0.016496392, 0.022894395, 0.015683485, 0.019106425, 0.024318768, 0.012261157, 0.022412827, 0.007767649, 0.009723371, 0.01968012, 0.007414515, 0.027337952, 0.011707807, 0.011432537, 0.004352661, 0.016211513, 0.016807372, 0.009712456, 0.02574115, 0.011266738, 0.024385567, 0.033099303, 0.018558814, 0.007032876, 0.01815242, 0.036661635, 0.014096903, 0.024991449, 0.026301584, 0.02799565, 0.016451756, 0.022373468, 0.014818702, 0.02879065, 0.026009505, 0.013824361, 0.008086408, 0.021741798, 0.006505798, 0.024538496, 0.031210813, 0.026185567, 0.019332946, 0.019697131, 0.02042632, 0.020768137, 0.025883799, 0.018950173, 0.017336593, 0.022260649, 0.009770572, 0.017343161, 0.026996288, 0.00491726, 0.017577738, 0.017398221, 0.018310936, 0.025898948, 0.012820949, 0.02174977, 0.024293164, 0.018330737, 0.017806016, 0.008836681, 0.026437135, 0.027900613, 0.020107274, 0.025305939, 0.018204929, 0.02654272, 0.025459748, 0.004957398, 0.025803064, 0.018817933, 0.007453571, 0.013423729, 0.010580174, 0.026011464, 0.016823923, 0.008187252, 0.015467769, 0.020737184, 0.005097829, 0.011798737, 0.008364955, 0.019713615, 0.00981639, 0.020748466, 0.023097045, 0.017476943, 0.014285326, 0.010763242, 0.025817644, 0.008213881, 0.02235179, 0.006715499, 0.020275618, 0.023733816, 0.033911786, 0.025052792, 0.00564444, 0.013286432, 0.019159555, 0.014607733, 0.027137767, 0.025953181, 0.015751416, 0.009936342, 0.013074122, 0.028429006, 0.027390856, 0.010527652, 0.028691078, 0.025637383, 0.025768321, 0.018996235, 0.015660012, 0.012847303, 0.021770672, 0.018257413, 0.02488526, 0.021860773, 0.014430926, 0.015511136, 0.0087689, 0.025176154, 0.017488696, 0.020180162, 0.018298942, 0.02602113, 0.0122629, 0.023728493, 0.017286876, 0.010457157, 0.016873727, 0.013720233, 0.015867538, 0.004720332, 0.024789181, 0.018334782, 0.020101608, 0.022421698, 0.012711762, 0.014654635, 0.010726886, 0.026431312, 0.009410381, 0.01633183, 0.023946272, 0.017028163, 0.01674132, 0.027112401, 0.028292632, 0.008406925, 0.029117384, 0.009942648, 0.023631955, 0.02750638, 0.029024008, 0.031099271, 0.010094603, 0.016060275, 0.029077974, 0.023644588, 0.027076968, 0.015428395, 0.010607715, 0.018726799, 0.012613058, 0.022561815, 0.023463935, 0.023949016, 0.030932866, 0.034483585, 0.029983838, 0.018271834, 0.02568935, 0.022437338, 0.018637885, 0.015986784, 0.021664697, 0.019632342, 0.019484752, 0.030776562, 0.009403561, 0.026914851, 0.016071332, 0.027972641, 0.018707352, 0.019544847, 0.028262146, 0.023557818, 0.006359533, 0.021920113, 0.022879289, 0.015865486, 0.013612592, 0.017047134, 0.01644566, 0.015852197, 0.021979249, 0.020613252, 0.030986752, 0.037886373, 0.016274246, 0.025479985, 0.023491986, 0.025385102, 0.020655523, 0.023689213, 0.02313243, 0.01639885, 0.033634331, 0.025811469, 0.018011797, 0.025527838, 0.011364434, 0.016962755, 0.011828181, 0.021303916, 0.022440607, 0.027620303, 0.022516736, 0.016420516, 0.032081635, 0.026796442, 0.029971293, 0.021253608, 0.018387472, 0.018548634, 0.014321394, 0.017349623, 0.015928918, 0.021074406, 0.019120895, 0.014262665, 0.017107437, 0.023442729, 0.014551512, 0.012457314, 0.021030333, 0.022303362, 0.030375554, 0.025424757, 0.024984722, 0.030613599, 0.021599047, 0.010417168, 0.021718464, 0.023256078, 0.015754788, 0.006437111, 0.016475235, 0.025839916, 0.03057908, 0.021136072, 0.007776243, 0.018840239, 0.022216485, 0.025851982, 0.017268894, 0.008327373, 0.018103739, 0.029176279, 0.021229549, 0.00847345, 0.016404222, 0.008586355, 0.014755554, 0.030953764, 0.02383526, 0.018250327, 0.020547663, 0.01355749, 0.017119294, 0.025896576, 0.020573983, 0.017624972, 0.028958215, 0.021683062, 0.018034363, 0.024797592, 0.017501925, 0.011899375, 0.029425722, 0.025382053, 0.022107463, 0.023475272, 0.020628113, 0.008686167, 0.01994098, 0.014271572, 0.02015827, 0.011335053, 0.007499151, 0.033729586, 0.022462319, 0.023946894, 0.023206908, 0.01075983, 0.020734663, 0.021752138, 0.029321959, 0.008543784, 0.026109296, 0.020087411, 0.015393893, 0.0104533, 0.034719219, 0.015738881, 0.021228209, 0.01517037, 0.017015215, 0.016368865, 0.016721442, 0.032215457, 0.02464779, 0.022567798, 0.011116385, 0.017806868, 0.019732695, 0.023845955, 0.028437387, 0.02451354, 0.013194428, 0.031279042, 0.017316324, 0.013706463, 0.016149552, 0.029579063, 0.009733096, 0.005549224, 0.026447204, 0.007745825, 0.028426103, 0.011776346, 0.018199421, 0.019146454, 0.011555927, 0.023417262, 0.012858509, 0.011207295, 0.016374746, 0.022000188, 0.003548723, 0.008185685, 0.02002003, 0.018919648, 0.026384957, 0.00978683, 0.026279905, 0.00992899, 0.01881878, 0.01789819, 0.014869833, 0.006519208, 0.023890766, 0.014921775, 0.01917574, 0.018370769, 0.020252858, 0.020927781, 0.007136863, 0.029523999, 0.029082751, 0.027381475, 0.024623124, 0.018635455, 0.0257953, 0.015362499, 0.023906613, 0.022010797, 0.021087979, 0.019564131, 0.022661517, 0.025245234, 0.019508971, 0.019479328, 0.021740547, 0.024090671, 0.005492845, 0.025971321, 0.025697936, 0.011976473, 0.034647961, 0.016372788, 0.029723622, 0.016298803, 0.031170342, 0.026064359, 0.024890259, 0.010250687, 0.02683427, 0.023320045, 0.008672151, 0.018875248, 0.029750067, 0.01896529, 0.017709004, 0.017358267, 0.031075131, 0.026785849, 0.033616326, 0.007130361, 0.026990429, 0.024255739, 0.014982427, 0.01444503, 0.02564363, 0.010303418, 0.015549975, 0.032712684, 0.029734488, 0.025768309, 0.009963363, 0.023092845, 0.019206054, 0.032415585, 0.026330574, 0.029268988, 0.032755589, 0.029228428, 0.025611515, 0.026156068, 0.027665733, 0.008728493, 0.020286826, 0.024731327, 0.008221949, 0.020779467, 0.025636338, 0.031208349, 0.02781304, 0.006793125, 0.023565285, 0.013772042, 0.017234803, 0.021612024, 0.015558078, 0.015057178, 0.019742037, 0.0117459, 0.011223186, 0.011732471, 0.024314703, 0.031878792, 0.021565777, 0.034147151, 0.007566278, 0.016962584, 0.022256029, 0.034851842, 0.020373029, 0.016820258, 0.031342873, 0.022932046, 0.025111632, 0.018420874, 0.022933524, 0.018395328, 0.017639086, 0.021771938, 0.027597376, 0.023428995, 0.018802982, 0.033261666, 0.033889636, 0.014575385, 0.03145536, 0.028131949, 0.008238095, 0.029155416, 0.008555471, 0.028277093, 0.018111766, 0.032604674, 0.018165887, 0.021248959, 0.007883822, 0.005255787, 0.017047345, 0.017594604, 0.003011651, 0.009963259, 0.013876947, 0.018424431, 0.025814286, 0.021703021, 0.024696345, 0.012830631, 0.020820541, 0.025289001, 0.00941077, 0.018843886, 0.017963602, 0.017944663, 0.017139969, 0.019418628, 0.026587227, 0.02469897, 0.006771717, 0.023960437, 0.021800898, 0.017999128, 0.016223746, 0.020640913, 0.022712655, 0.021323282, 0.028421981, 0.005806139, 0.016182912, 0.010659866, 0.019374506, 0.014955644, 0.012557234, 0.015511208, 0.017960277, 0.016735002, 0.023693435, 0.022732927, 0.020434229, 0.00771912, 0.017652086, 0.027640777, 0.028296782, 0.013045125, 0.029981914, 0.029437121, 0.01324801, 0.018800348, 0.0155286, 0.005905519, 0.01663616, 0.025974823, 0.004252182, 0.023566052, 0.028845965, 0.019507549, 0.015688378, 0.005494221, 0.017174774, 0.026776178, 0.019588712, 0.009198816, 0.007044125, 0.028362615, 0.032360772, 0.020944306, 0.021240014, 0.023015801, 0.018407589, 0.016806944, 0.02374072, 0.022758293, 0.032510784, 0.024835229, 0.018815671, 0.014678446, 0.021210895, 0.020834064, 0.02650146, 0.011321734, 0.026752815, 0.02556492, 0.010554884, 0.008519792, 0.00487296, 0.017785232, 0.013932784, 0.019243616, 0.015597445, 0.025863375, 0.019180771, 0.02738986, 0.029601525, 0.028318568, 0.021359831, 0.027161669, 0.013714409, 0.016081872, 0.010772425, 0.021747379, 0.010050564, 0.026855283, 0.027312403, 0.015505295, 0.02782072, 0.029858828, 0.016532811, 0.007486879, 0.013787959, 0.02755901, 0.009082134, 0.013780331, 0.031470837, 0.029992629, 0.016484734, 0.012399566, 0.014372784, 0.022612796, 0.015103832, 0.017891008, 0.014383912, 0.009379704, 0.026700915, 0.020860219, 0.018528801, 0.027363791, 0.006069751, 0.01007382, 0.025518841, 0.030339402, 0.022136273, 0.015495435, 0.015327159, 0.027901358, 0.02846773, 0.023100171, 0.026776028, 0.027562431, 0.016607929, 0.020269637, 0.011686704, 0.015192288, 0.012230953, 0.021926731, 0.025145302, 0.014874064, 0.01353996, 0.006988242, 0.024997644, 0.018297554, 0.019160423, 0.018037767, 0.007396608, 0.004929666, 0.011172319, 0.018430937, 0.021318635, 0.009083272, 0.023826682, 0.026512929, 0.023811851, 0.007961933, 0.011671339, 0.013129443, 0.022708128, 0.02461937, 0.016596235, 0.029999476, 0.021045818, 0.012145992, 0.017246756, 0.024431324, 0.012207544, 0.013173984, 0.009501892, 0.019463504, 0.01301287, 0.005577058, 0.016297004, 0.009299409, 0.02074193, 0.032780477, 0.005122806, 0.008364356, 0.02052007, 0.020060362, 0.016886244, 0.007930419, 0.017104301, 0.017981588, 0.013108253, 0.014352552, 0.023345537, 0.010956699, 0.025607435, 0.029219401, 0.014192806, 0.024985351, 0.017832169, 0.034189065, 0.025413302, 0.017746394, 0.027553712, 0.02526713, 0.019982932, 0.022650653, 0.017489562, 0.011170629, 0.019170595, 0.007088487, 0.017627214, 0.027723746, 0.009958468, 0.021709921, 0.016465183, 0.014807551, 0.020146965, 0.00703285, 0.016855136, 0.01735109, 0.012835542, 0.021096027, 0.010983454, 0.021891288, 0.011796371, 0.029448354, 0.013328465, 0.016547241, 0.020161292, 0.021412809, 0.0098677, 0.027473348, 0.023690504, 0.032097285, 0.020434099, 0.007012225, 0.018696874, 0.021356363, 0.027855601, 0.016050744, 0.021333317, 0.017140197, 0.016188706, 0.011472825, 0.009557556, 0.008031987, 0.019372027, 0.026113039, 0.021480523, 0.034933021, 0.01643582, 0.023033548, 0.023898969, 0.013428477, 0.017724599, 0.025660439, 0.0269594, 0.01871139, 0.027686759, 0.020052021, 0.011011087, 0.012645526, 0.020809329, 0.010089537, 0.028215234, 0.01707383, 0.014692196, 0.025255033, 0.013656535, 0.021138585, 0.006113946, 0.016928187, 0.015200177, 0.009104342, 0.023310871, 0.00954876, 0.025189468, 0.028952308, 0.008554857]","[0.000113045, 0.000140083, 0.000131633, 0.000121702, 0.000163857, 0.000125455, 0.00012866, 0.000112894, 0.000110665, 0.00013952, 0.000140775, 0.000140883, 0.00011764, 0.000136005, 0.000122616, 0.000122348, 0.000109697, 0.000113756, 0.000122863, 0.000107564, 0.000140322, 0.000142018, 0.000127778, 0.000120593, 0.000119452, 0.000123961, 0.000144885, 0.000125382, 0.000123661, 0.000120663, 0.000141535, 0.000121477, 0.000147369, 0.000122464, 0.000143182, 0.000113851, 0.000134339, 0.000141401, 0.000152698, 0.000136537, 0.000108811, 0.000113222, 0.000128646, 0.000123595, 0.000134336, 0.000112952, 0.000121723, 0.000124952, 0.000122759, 0.000111716, 0.000122483, 0.000141612, 0.000122449, 0.00015235, 0.000126772, 0.000124236, 0.000109832, 0.000330388, 0.000112314, 0.000137041, 0.00011298, 0.000139159, 0.000143844, 0.000121077, 0.000139657, 0.000126143, 0.000127212, 0.000128728, 0.000151719, 0.000131157, 0.000143062, 0.000110801, 0.000129333, 0.000130881, 0.000122804, 0.000122808, 0.000199608, 0.000150563, 0.000123321, 0.000115465, 0.000109528, 0.000136082, 0.000142568, 0.00010944, 0.000142897, 0.000128325, 0.000141802, 0.000122882, 0.000119972, 0.000138161, 0.000115292, 0.000120494, 0.000137425, 0.000139592, 0.000123367, 0.000122399, 0.000124428, 0.000136858, 0.000132605, 0.00015062, 0.000137885, 0.00014118, 0.000133191, 0.000140479, 0.000111406, 0.000119931, 0.000124222, 0.000121635, 0.000147409, 0.000121591, 0.000108818, 0.000136978, 0.000124072, 0.000123245, 0.00014358, 0.000141823, 0.000121924, 0.000138683, 0.000124414, 0.000136632, 0.00012384, 0.000142747, 0.000123559, 0.000139927, 0.000121099, 0.000118484, 0.000148662, 0.000138759, 0.000123795, 0.000138372, 0.000121382, 0.000120011, 0.000149165, 0.000127818, 0.000113041, 0.000113141, 0.000120124, 0.000110955, 0.000147648, 0.000121927, 0.000137294, 0.000114625, 0.000121349, 0.000169673, 0.000129257, 0.000117984, 0.000123498, 0.000121302, 0.000141365, 0.000129989, 0.000147958, 0.000138851, 0.000123705, 0.000158412, 0.00011115, 0.000139722, 0.00012127, 0.000150284, 0.00014521, 0.000125639, 0.000123741, 0.00014149, 0.000138174, 0.000140262, 0.000140616, 0.000122012, 0.000119485, 0.000140777, 0.000140319, 0.000136484, 0.000120219, 0.000138837, 0.000118667, 0.000121667, 0.000122664, 0.000134685, 0.000122933, 0.000121317, 0.000139178, 0.000124359, 0.000120215, 0.000122376, 0.000120595, 0.00010744, 0.00011707, 0.000139224, 0.000127698, 0.000138727, 0.00011256, 0.000146878, 0.000113189, 0.000138356, 0.000152755, 0.000132575, 0.000156064, 0.000136425, 0.000119625, 0.000143093, 0.000129911, 0.000121437, 0.000135233, 0.000164218, 0.000123407, 0.000135389, 0.000135111, 0.000117209, 0.000139756, 0.000140564, 0.000147302, 0.00013556, 0.000111136, 0.0001314, 0.000142893, 0.000116653, 0.000140294, 0.000138374, 0.000124768, 0.00013555, 0.000146755, 0.000129603, 0.000144148, 0.000117978, 0.000118174, 0.000143095, 0.000138113, 0.000123635, 0.000141944, 0.000120988, 0.00012215, 0.0001378, 0.00013945, 0.000110592, 0.000108238, 0.000111659, 0.000117741, 0.000137317, 0.000116564, 0.000119953, 0.000124913, 0.000121382, 0.000138188, 0.000118902, 0.000119011, 0.000115737, 0.000138861, 0.000121017, 0.000114939, 0.000123293, 0.000122107, 0.000123097, 0.000137512, 0.000139201, 0.000142615, 0.000148813, 0.000143279, 0.000132598, 0.00012115, 0.000143633, 0.000115457, 0.000123802, 0.000119366, 0.000135452, 0.000133723, 0.000123971, 0.000113836, 0.00013687, 0.000117043, 0.000153565, 0.000139517, 0.000131602, 0.000130709, 0.000164865, 0.000132712, 0.000157279, 0.000118477, 0.00013821, 0.000136079, 0.000158556, 0.000166281, 0.000146002, 0.000109908, 0.000139703, 0.000124987, 0.000122013, 0.000110193, 0.000147424, 0.000118606, 0.000130457, 0.000139121, 0.000120143, 0.000136163, 0.000143576, 0.000122792, 0.00013336, 0.000130485, 0.000118483, 0.000112003, 0.000129989, 0.000113807, 0.000120131, 0.000138788, 0.000125021, 0.000133946, 0.000149449, 0.000112381, 0.000117281, 0.000135619, 0.000113252, 0.000124718, 0.000175917, 0.000120673, 0.000110892, 0.000135746, 0.000110622, 0.000124901, 0.000135402, 0.00013797, 0.000140292, 0.000127303, 0.000121353, 0.000149082, 0.000138463, 0.000124561, 0.000110259, 0.000111163, 0.000132927, 0.000128601, 0.000121551, 0.000108389, 0.000132902, 0.000142764, 0.000117962, 0.000119768, 0.000135136, 0.000138043, 0.000135792, 0.00014982, 0.00013953, 0.00013987, 0.000123547, 0.000139653, 0.000117391, 0.000123599, 0.000138836, 0.000139024, 0.000138131, 0.000152752, 0.000123742, 0.000112834, 0.00012439, 0.00013457, 0.000113543, 0.000124204, 0.000144045, 0.000121226, 0.000135155, 0.0001405, 0.000152419, 0.000122785, 0.000119654, 0.000120238, 0.000122057, 0.000152024, 0.000131324, 0.000126725, 0.000121711, 0.000112317, 0.000148372, 0.000112453, 0.000108386, 0.000125424, 0.000144247, 0.000121154, 0.000108762, 0.000136709, 0.000118399, 0.000118399, 0.000132736, 0.000159451, 0.000140237, 0.000126694, 0.000125394, 0.000123083, 0.000117424, 0.000125217, 0.000117142, 0.000123298, 0.000119406, 0.000140345, 0.000113944, 0.00012004, 0.000119108, 0.000132124, 0.000142306, 0.000149112, 0.00013665, 0.000118658, 0.000113034, 0.000124799, 0.000130182, 0.000137111, 0.000115507, 0.000120578, 0.000134984, 0.000125821, 0.000137577, 0.000141452, 0.000170032, 0.000135991, 0.000121701, 0.000149705, 0.000113586, 0.000133706, 0.000127266, 0.000135866, 0.000137653, 0.000140009, 0.000109175, 0.000138509, 0.000135282, 0.00013804, 0.000111571, 0.000136874, 0.000127927, 0.00014509, 0.000139346, 0.000136727, 0.000134071, 0.000138315, 0.000123156, 0.000137317, 0.00014839, 0.000148976, 0.000138469, 0.000157493, 0.000123764, 0.000111482, 0.000120851, 0.000138661, 0.000132577, 0.000106655, 0.000119688, 0.000142056, 0.000135343, 0.000143475, 0.000121856, 0.000140206, 0.000122489, 0.000153806, 0.000153285, 0.000133288, 0.000155469, 0.000115039, 0.00012057, 0.000120856, 0.000130225, 0.000139699, 0.000110242, 0.00011999, 0.000157373, 0.000139408, 0.000112971, 0.000122829, 0.00011267, 0.000116462, 0.000133699, 0.00013576, 0.000138708, 0.000117013, 0.000125877, 0.000178023, 0.000148323, 0.000114477, 0.000129486, 0.00013537, 0.000126386, 0.000148963, 0.00015409, 0.000121766, 0.000123917, 0.000120585, 0.000121279, 0.000122745, 0.000132967, 0.00012447, 0.000151423, 0.000123707, 0.000149563, 0.000151934, 0.000124593, 0.000158758, 0.000124684, 0.000125369, 0.000131235, 0.00012162, 0.00011076, 0.000112161, 0.000113193, 0.000142494, 0.000128233, 0.000114659, 0.00015004, 0.000186353, 0.000132685, 0.000131227, 0.000131618, 0.000139704, 0.000130622, 0.000151074, 0.000126531, 0.000152601, 0.000128897, 0.000128392, 0.000176711, 0.000121939, 0.000132706, 0.00012901, 0.000148183, 0.000115754, 0.000148032, 0.000115074, 0.000149555, 0.000114286, 0.000146968, 0.000132229, 0.00013266, 0.000143912, 0.000147926, 0.000147458, 0.000159904, 0.000152473, 0.000150251, 0.000129784, 0.000155488, 0.000132682, 0.000143176, 0.000162349, 0.000113889, 0.000150426, 0.000150566, 0.000147932, 0.000114942, 0.00013048, 0.000131581, 0.000137379, 0.000131109, 0.000133929, 0.000131964, 0.000141983, 0.000151679, 0.000132731, 0.000157411, 0.000135669, 0.000150953, 0.000126955, 0.000155829, 0.000156307, 0.00012367, 0.000165256, 0.00014704, 0.000131611, 0.000129027, 0.000116857, 0.00012931, 0.000129772, 0.000149198, 0.0001309, 0.000135176, 0.000128613, 0.000154786, 0.000134358, 0.000123957, 0.000145228, 0.000126097, 0.000124293, 0.000158071, 0.000151768, 0.000149673, 0.000153238, 0.000116049, 0.000132891, 0.000156237, 0.000148502, 0.000119184, 0.000125612, 0.000147683, 0.000129474, 0.000132822, 0.000117897, 0.00014685, 0.000111312, 0.000134073, 0.000138849, 0.000126523, 0.00015248, 0.000156063, 0.000121951, 0.000132655, 0.000121715, 0.000113182, 0.000150281, 0.000141722, 0.000148517, 0.000149375, 0.000147947, 0.000131569, 0.000149222, 0.000133113, 0.000147095, 0.000148183, 0.00011907, 0.000115051, 0.000109714, 0.000149801, 0.000145063, 0.000137934, 0.000134972, 0.000155493, 0.000131735, 0.000130214, 0.000150128, 0.000145025, 0.00014843, 0.00014584, 0.000114907, 0.000200548, 0.000133258, 0.000135431, 0.000126242, 0.000146595, 0.000107938, 0.000148616, 0.000112889, 0.000128907, 0.0001469, 0.000115264, 0.000128415, 0.000149694, 0.000130775, 0.000148709, 0.000128095, 0.00012611, 0.000108416, 0.000131331, 0.000144857, 0.000132628, 0.000139338, 0.000148578, 0.000148, 0.000134953, 0.00014923, 0.000147215, 0.000149013, 0.000130776, 0.00015015, 0.000132822, 0.000163058, 0.000150314, 0.000144363, 0.00013806, 0.000153502, 0.000118356, 0.000148179, 0.000154276, 0.000120768, 0.000151138, 0.000116617, 0.000152546, 0.000149999, 0.000152816, 0.000133279, 0.000146928, 0.00017901, 0.000152652, 0.000121342, 0.000152254, 0.000114653, 0.000116477, 0.000156136, 0.00011403, 0.000129607, 0.000118897, 0.000148219, 0.000134035, 0.000146325, 0.000132333, 0.000127529, 0.00014493, 0.000132351, 0.000117589, 0.000134105, 0.000117404, 0.000125122, 0.000144272, 0.000146452, 0.000158457, 0.000130384, 0.000114834, 0.000147871, 0.000130583, 0.000154033, 0.000148055, 0.000132787, 0.000148698, 0.000115954, 0.000117671, 0.000130748, 0.000129635, 0.000134571, 0.000146405, 0.000159754, 0.000141243, 0.000138465, 0.000143148, 0.000133817, 0.000153858, 0.000151495, 0.000117792, 0.000156373, 0.000134134, 0.000133818, 0.000150973, 0.000151405, 0.000149205, 0.000161738, 0.000129449, 0.000129774, 0.000133054, 0.000149329, 0.000144547, 0.000145291, 0.000115011, 0.000111855, 0.000111277, 0.000134305, 0.000112577, 0.000131809, 0.0001483, 0.000132902, 0.00015627, 0.000153966, 0.00014855, 0.000136984, 0.000153386, 0.000128754, 0.000126016, 0.000119842, 0.000133617, 0.000151999, 0.000125964, 0.000125548, 0.0001522, 0.000159563, 0.000119703, 0.000127782, 0.000150719, 0.000138507, 0.000126559, 0.000147951, 0.000157433, 0.000152284, 0.000208731, 0.000118954, 0.000124806, 0.000129256, 0.000118483, 0.000127985, 0.000147358, 0.000129955, 0.000129337, 0.000153955, 0.000153382, 0.00013359, 0.000149862, 0.000135961, 0.000114117, 0.000132284, 0.000133288, 0.000130125, 0.000157301, 0.000154093, 0.000130951, 0.000120703, 0.000132778, 0.000120406, 0.000147922, 0.000153333, 0.000148213, 0.000126428, 0.00012459, 0.000140151, 0.000160086, 0.00016095, 0.000150723, 0.000155982, 0.0001557, 0.00012734, 0.000153455, 0.000143988, 0.000149396, 0.00012104, 0.000155081, 0.000128597, 0.00012126, 0.000135636, 0.000147327, 0.000122032, 0.000154031, 0.000146114, 0.000167002, 0.000146761, 0.000171635, 0.000147275, 0.000127274, 0.000179938, 0.000150441, 0.000129562, 0.000172866, 0.000152113, 0.00012292, 0.000150481, 0.000157164, 0.000126339, 0.000145902, 0.000151051, 0.000159032, 0.000154065, 0.00015008, 0.000159307, 0.000123557, 0.000151341, 0.000118872, 0.000120928, 0.000147844, 0.00015282, 0.000116401, 0.000138065, 0.000122232, 0.000122426, 0.000142638, 0.000115043, 0.000138511, 0.00011946, 0.000110347, 0.000141675, 0.000138047, 0.000146492, 0.000134176, 0.000115879, 0.000110509, 0.000148864, 0.000119855, 0.000118918, 0.000109509, 0.000128158, 0.000120652, 0.000137999, 0.00014446, 0.000121562, 0.000137419, 0.000170487, 0.000138152, 0.000148012, 0.000125325, 0.000139707, 0.000112621, 0.000121179, 0.000112008, 0.000121553, 0.000124173, 0.000121325, 0.000136982, 0.000121937, 0.000136929, 0.000137823, 0.000125494, 0.000134043, 0.000123542, 0.000111503, 0.000140163, 0.000117689, 0.000133367, 0.000128291, 0.000119009, 0.000133153, 0.000120865, 0.00012346, 0.000111045, 0.000139739, 0.000136223, 0.00013576, 0.000120357, 0.000123671, 0.000140815, 0.000137534, 0.000157668, 0.000130162, 0.000120418, 0.000120954, 0.000134383, 0.000134105, 0.000113359, 0.000107157, 0.00013909, 0.000124255, 0.000140998, 0.000107569, 0.000146441, 0.000145425, 0.000114041, 0.00012058, 0.000194504, 0.000120032, 0.000113143, 0.000119352, 0.000111265, 0.000140464, 0.000145888, 0.000124227, 0.000138062, 0.000139488, 0.000129265, 0.000118306, 0.000156786, 0.000123199, 0.000126263, 0.000123449, 0.00013618, 0.00015166, 0.000108666, 0.000127882, 0.000142187, 0.000140526, 0.000136052, 0.000151797, 0.000115374, 0.000131322, 0.000119525, 0.000125888, 0.000134832, 0.000124658, 0.00014257, 0.000133269, 0.000138577, 0.000120323, 0.00014348, 0.000112226, 0.000117902, 0.000137313, 0.000111942, 0.00013953, 0.000135387, 0.000115758, 0.000108364, 0.000131923, 0.000122718, 0.000142532, 0.000139906, 0.000122529, 0.000121677, 0.000154299, 0.000112044, 0.000139364, 0.000110911, 0.000143319, 0.000135485, 0.000137153, 0.000116167, 0.000111851, 0.000127563, 0.000120709, 0.000134548, 0.000138285, 0.000115476, 0.000137143, 0.000110124, 0.000146538, 0.000151189, 0.000179639, 0.000125302, 0.000116228, 0.000137162, 0.000107322, 0.000126857, 0.000141718, 0.000128476, 0.000137708, 0.000135229, 0.000134044, 0.000131253, 0.000134273, 0.000139051, 0.000133926, 0.000134421, 0.0001121, 0.000121979, 0.000123202, 0.000121578, 0.00012035, 0.000123729, 0.000134927, 0.000135419, 0.00011484, 0.000120245, 0.000127032, 0.000146272, 0.000123895, 0.000133735, 0.000109938, 0.000111022, 0.000150526, 0.000119444, 0.000249905, 0.000113027, 0.000139724, 0.000114826, 0.000168616, 0.000124304, 0.000132677, 0.000152973, 0.000128885, 0.000123371, 0.000117091, 0.000107198, 0.000111687, 0.000119467, 0.000123339, 0.000112278, 0.000133089, 0.000121878, 0.000112868, 0.000137134, 0.000141402, 0.000135733, 0.000142625, 0.000120319, 0.000106119, 0.000117049, 0.000121342, 0.0001347, 0.000123914, 0.00012277, 0.000127059, 0.000115535, 0.000145485, 0.000132646, 0.000125113, 0.000126184, 0.000123339, 0.00011962, 0.000126535, 0.000137881, 0.000123492, 0.000118212, 0.000116789, 0.000111282, 0.000121331, 0.000122958, 0.000139663, 0.000153198, 0.000138161, 0.000129776, 0.000144506, 0.000108632, 0.000125422, 0.000139553, 0.00014897, 0.000139856, 0.000109754, 0.000131706, 0.000149918, 0.000121135, 0.000117752, 0.000136149, 0.000145954, 0.00013899, 0.000121523, 0.000140726, 0.000139948, 0.000111898, 0.000107142, 0.000111976, 0.00014164, 0.000112668, 0.000114946, 0.000137231, 0.000114134, 0.000137686, 0.000112638, 0.00013748, 0.000138699, 0.000119653, 0.000120926, 0.000142543, 0.000143595, 0.000114227, 0.000127573, 0.000120796, 0.000112819, 0.000117416, 0.0001378, 0.000136733, 0.000120498, 0.000142619, 0.000135912, 0.000142306, 0.000133982, 0.000125612, 0.000138337, 0.000134976, 0.000130594, 0.000110159, 0.000150061, 0.000120131, 0.000131922, 0.000137259, 0.00014913, 0.000142961, 0.000121414, 0.00014807, 0.000150594, 0.000137241, 0.000223387, 0.000129799, 0.000129683, 0.000122819, 0.000126622, 0.000124076, 0.000133554, 0.000151487, 0.000126327, 0.000156282, 0.000125584, 0.000160765, 0.000150586, 0.000158126, 0.000141783, 0.000138511, 0.000123848, 0.000149841, 0.000162117, 0.000160088, 0.000131446, 0.000145412, 0.00015196, 0.000129738, 0.000156649, 0.00013106, 0.000132115, 0.000149378, 0.0001279, 0.00015639, 0.000122254, 0.000166904, 0.000151139, 0.000150605, 0.000127034, 0.000151788, 0.000125996, 0.00012276, 0.000117334, 0.000147447, 0.000151095, 0.000118342, 0.000156126, 0.000118909, 0.000147832, 0.000163262, 0.000129096, 0.000126612, 0.000127861, 0.000155797, 0.000159212, 0.000111951, 0.000148772, 0.000121017, 0.000122162, 0.000124852, 0.000157784, 0.000125076, 0.0001196, 0.000143855, 0.000123635, 0.000143806, 0.000114832, 0.000146824, 0.000158404, 0.000123215, 0.000120157, 0.000120003, 0.0001129, 0.000127326, 0.000156841, 0.000116421, 0.000114661, 0.000114782, 0.000159497, 0.00012346, 0.000150845, 0.000149049, 0.000118791, 0.000156269, 0.000157408, 0.000150158, 0.000126424, 0.000131879, 0.00014824, 0.000150051, 0.000122538, 0.000157332, 0.000161593, 0.000128932, 0.000112262, 0.000116208, 0.000125883, 0.000121945, 0.000124487, 0.00012747, 0.000114742, 0.000157558, 0.000158503, 0.000166448, 0.000126991, 0.000178637, 0.000160244, 0.000131539, 0.000159145, 0.000132071, 0.00015388, 0.000122413, 0.000126161, 0.000129328, 0.000129985, 0.000140827, 0.000112902, 0.000118228, 0.000122574, 0.000133046, 0.000111824, 0.000118422, 0.000141431, 0.000120247, 0.000120215, 0.000136381, 0.000141351, 0.000136037, 0.000111556, 0.000121502, 0.000140541, 0.000112718, 0.000154312, 0.000118872, 0.000123922, 0.000106033, 0.000151308, 0.000121399, 0.000111142, 0.000146969, 0.000118743, 0.00016838, 0.000175059, 0.000127201, 0.000115965, 0.000123466, 0.000160218, 0.000142604, 0.000134589, 0.000135109, 0.000138292, 0.000145159, 0.000140766, 0.000127761, 0.000148392, 0.000163085, 0.000119663, 0.000114827, 0.000139144, 0.000111938, 0.000130324, 0.000153031, 0.000142705, 0.000119692, 0.000119219, 0.000119747, 0.000138237, 0.000143655, 0.000142139, 0.000137037, 0.000140517, 0.000112359, 0.000138499, 0.000135987, 0.000109126, 0.00011895, 0.000119217, 0.000122878, 0.000141688, 0.00011853, 0.000127748, 0.000132489, 0.000122945, 0.000123803, 0.000113187, 0.000134115, 0.000150399, 0.000119431, 0.000136273, 0.000125327, 0.000139498, 0.000136579, 0.000111455, 0.00013572, 0.000124812, 0.00013662, 0.000114235, 0.00012, 0.000294615, 0.000122219, 0.000110596, 0.000122217, 0.000132261, 0.000108443, 0.000136581, 0.00011976, 0.000116564, 0.000113735, 0.000127554, 0.000128629, 0.000127778, 0.000111862, 0.000110946, 0.000135311, 0.00011333, 0.000130594, 0.000108967, 0.000132763, 0.000127143, 0.000171706, 0.000156995, 0.000113368, 0.000118745, 0.000130974, 0.000128698, 0.00013826, 0.000136195, 0.000118422, 0.000120538, 0.000115834, 0.000146042, 0.000139159, 0.000123179, 0.000137543, 0.000134775, 0.000139288, 0.000142866, 0.000119241, 0.00011911, 0.000146217, 0.00013409, 0.00013436, 0.000126802, 0.0001191, 0.000122429, 0.000114501, 0.000138094, 0.000125213, 0.000119733, 0.000131228, 0.000144678, 0.00014227, 0.000141127, 0.000122131, 0.000124529, 0.000118895, 0.00012003, 0.000139884, 0.000113748, 0.000150441, 0.00012763, 0.000121969, 0.000142226, 0.00012057, 0.0001388, 0.000138193, 0.000135261, 0.00011665, 0.000123542, 0.000135948, 0.000124741, 0.000137872, 0.000151363, 0.000123903, 0.00011964, 0.000135581, 0.000109788, 0.00014423, 0.000199186, 0.000152139, 0.000152249, 0.000119427, 0.000120555, 0.000148761, 0.000150149, 0.000138799, 0.000122528, 0.000117929, 0.000130531, 0.000118816, 0.000154662, 0.000126584, 0.000120334, 0.000191427, 0.000168089, 0.000149381, 0.000121247, 0.000150892, 0.000143709, 0.000126165, 0.000128021, 0.00015263, 0.000145241, 0.000148692, 0.000148283, 0.000111187, 0.000151154, 0.000128143, 0.000157663, 0.000145909, 0.000130037, 0.000151065, 0.000149124, 0.000107879, 0.000127008, 0.000150999, 0.000116301, 0.000130044, 0.00015132, 0.00012743, 0.00015154, 0.000124021, 0.000157476, 0.000154088, 0.000165267, 0.000126287, 0.000139023, 0.000123014, 0.000150097, 0.000145644, 0.000142964, 0.000129541, 0.000123107, 0.000167169, 0.000141672, 0.000126255, 0.000144599, 0.000112623, 0.00015057, 0.000117397, 0.000150211, 0.000148903, 0.000148276, 0.000149006, 0.00015902, 0.00015535, 0.000156928, 0.000149277, 0.000131122, 0.000124918, 0.00014912, 0.000126511, 0.0001271, 0.000126534, 0.000136495, 0.000133813, 0.000147373, 0.000130135, 0.000132647, 0.000127023, 0.000125078, 0.000126183, 0.000122412, 0.000152869, 0.000139271, 0.000156571, 0.000151158, 0.00012269, 0.000120677, 0.000139832, 0.000129124, 0.000131006, 0.000112511, 0.000127443, 0.000150051, 0.000159608, 0.000141668, 0.000116186, 0.000146568, 0.000133659, 0.000152044, 0.000145574, 0.00012027, 0.000131554, 0.000147654, 0.000128291, 0.000113231, 0.000128849, 0.000111084, 0.000126253, 0.000155103, 0.000124352, 0.000123143, 0.000123753, 0.000120272, 0.00012246, 0.000150103, 0.000124007, 0.000119392, 0.000153078, 0.000154403, 0.000127417, 0.000127021, 0.000125139, 0.000118153, 0.000150365, 0.000141705, 0.000127626, 0.00014931, 0.000131331, 0.000117417, 0.000128997, 0.000127214, 0.000129153, 0.000129055, 0.000114287, 0.000157075, 0.00015674, 0.000133557, 0.000172246, 0.000116205, 0.000146838, 0.000131658, 0.000150319, 0.000118117, 0.000147951, 0.000158061, 0.000127466, 0.000121779, 0.000154567, 0.000135644, 0.000184752, 0.000130782, 0.000126961, 0.00015494, 0.000124061, 0.000160374, 0.000123907, 0.000145998, 0.00011518, 0.00012508, 0.000123312, 0.000128052, 0.000151158, 0.00012683, 0.00012412, 0.000149879, 0.000126919, 0.000123632, 0.000122642, 0.000152297, 0.000120334, 0.00013344, 0.000121205, 0.000123397, 0.000151958, 0.000115684, 0.000126092, 0.000127225, 0.000126382, 0.000152145, 0.000123656, 0.000130394, 0.000129486, 0.000151569, 0.000128801, 0.000105529, 0.000126717, 0.000148935, 0.000145658, 0.000115781, 0.000146842, 0.000126854, 0.000130354, 0.000133646, 0.000132116, 0.000111815, 0.000147599, 0.00013289, 0.000149293, 0.000132453, 0.000127362, 0.000168443, 0.000122036, 0.000148789, 0.000147631, 0.000151656, 0.000150979, 0.000129789, 0.00015999, 0.000158128, 0.000154664, 0.000145825, 0.000167391, 0.000149464, 0.00012833, 0.000122017, 0.00014168, 0.000126074, 0.000128451, 0.000132166, 0.000118821, 0.0001683, 0.000127278, 0.000114192, 0.00016783, 0.000124093, 0.000153816, 0.000153515, 0.00015902, 0.000128698, 0.000153522, 0.000119254, 0.000168549, 0.000151554, 0.00012014, 0.000153307, 0.000149879, 0.000134028, 0.000141452, 0.000168074, 0.00015509, 0.000131088, 0.000158725, 0.00011826, 0.000151428, 0.000128598, 0.00012504, 0.000125343, 0.000123453, 0.000117277, 0.000123082, 0.000170008, 0.000152729, 0.000153309, 0.000124768, 0.000121633, 0.000128337, 0.000182075, 0.000155238, 0.000150445, 0.00016206, 0.000152444, 0.000126789, 0.000157343, 0.000156071, 0.000123034, 0.000133073, 0.000141211, 0.000120309, 0.000147394, 0.000150508, 0.000155447, 0.00014288, 0.000117123, 0.000146779, 0.00014796, 0.000133782, 0.000142808, 0.000127808, 0.000130514, 0.000133396, 0.000129877, 0.00013004, 0.000132448, 0.000138142, 0.000164178, 0.000126598, 0.00016279, 0.000118095, 0.000152478, 0.000155742, 0.000158142, 0.000126316, 0.000127767, 0.000162537, 0.000154672, 0.000158353, 0.000128088, 0.00013482, 0.000122757, 0.000150603, 0.000134166, 0.000150272, 0.000127477, 0.0001237, 0.000151622, 0.00016858, 0.000126905, 0.000150456, 0.000154142, 0.000116798, 0.000163794, 0.000117921, 0.000172399, 0.000154424, 0.000155607, 0.000131134, 0.000145574, 0.000117366, 0.000114327, 0.000128476, 0.000129252, 0.000129767, 0.00011062, 0.000146251, 0.00013016, 0.00014627, 0.000146985, 0.000148034, 0.000129197, 0.000132735, 0.000157145, 0.000117998, 0.000132159, 0.000128651, 0.000111967, 0.000134714, 0.00015405, 0.000164222, 0.000154574, 0.000121076, 0.000126316, 0.00013857, 0.00012524, 0.000121216, 0.000123901, 0.000123658, 0.000133913, 0.000142155, 0.000114846, 0.000132242, 0.000115237, 0.000130375, 0.000124582, 0.000151175, 0.00012547, 0.000121327, 0.000124137, 0.000166106, 0.000153892, 0.000126158, 0.000120953, 0.000164156, 0.00014923, 0.000140083, 0.000145435, 0.000171097, 0.000151363, 0.000121555, 0.000125736, 0.000124502, 0.000118116, 0.000150072, 0.000127879, 0.000124601, 0.000134501, 0.000150139, 0.000127706, 0.000149432, 0.000121813, 0.000121858, 0.000159391, 0.000152171, 0.000121083, 0.000117576, 0.000149711, 0.000160216, 0.000153603, 0.000154717, 0.00013044, 0.000126401, 0.000126371, 0.000150071, 0.000158706, 0.000164437, 0.000126196, 0.000163216, 0.000122747, 0.00014207, 0.000138623, 0.000152266, 0.000120405, 0.000158176, 0.000152365, 0.000126959, 0.000115477, 0.000114145, 0.00012908, 0.000139271, 0.000127015, 0.00012994, 0.000150369, 0.000147204, 0.000154868, 0.000150852, 0.000153027, 0.000135604, 0.000152624, 0.000131715, 0.000153307, 0.000115986, 0.000151942, 0.000116994, 0.000147966, 0.000150027, 0.000129461, 0.000147247, 0.000158164, 0.000149473, 0.000115865, 0.000129677, 0.000148804, 0.000118787, 0.000123535, 0.000148289, 0.000149227, 0.000131316, 0.000132565, 0.00012967, 0.00014154, 0.000132174, 0.000124241, 0.000128073, 0.000122916, 0.000137716, 0.000139049, 0.000129455, 0.0001567, 0.000117393, 0.000157558, 0.000142967, 0.000159533, 0.000132904, 0.000123457, 0.000151829, 0.000148801, 0.000160953, 0.000151143, 0.000155746, 0.000147998, 0.000130601, 0.000154139, 0.000114438, 0.000132732, 0.000130486, 0.000150066, 0.000149084, 0.00013101, 0.000117482, 0.000123363, 0.000155078, 0.000130356, 0.00013422, 0.000157184, 0.000129841, 0.000123087, 0.000129446, 0.000134138, 0.000142865, 0.000120631, 0.000143572, 0.000159314, 0.000148563, 0.000116404, 0.000131813, 0.000115093, 0.000150156, 0.000129023, 0.000138313, 0.000152232, 0.000149977, 0.000146886, 0.000144589, 0.000150924, 0.000149822, 0.000133073, 0.000120304, 0.000130928, 0.000182797, 0.000115272, 0.000150955, 0.000118371, 0.000129411, 0.000155375, 0.000115585, 0.000111541, 0.00013164, 0.000152759, 0.000133284, 0.000113102, 0.000153107, 0.000133064, 0.000128493, 0.000130989, 0.0001326, 0.000131276, 0.000155368, 0.000153405, 0.000130727, 0.000125099, 0.000124158, 0.000167203, 0.000146117, 0.000158394, 0.000149926, 0.000140459, 0.00013078, 0.000148536, 0.000129564, 0.000116374, 0.000131256, 0.000166373, 0.000143342, 0.000147203, 0.000121239, 0.000154803, 0.000129536, 0.000159638, 0.000128553, 0.000117522, 0.000131116, 0.000133461, 0.000133101, 0.000146285, 0.000123533, 0.000130124, 0.000111452, 0.000154508, 0.000134372, 0.000129871, 0.000153635, 0.00016267, 0.000147532, 0.000140171, 0.00014803, 0.000156155, 0.000151577, 0.00011656, 0.000131915, 0.000156605, 0.000148198, 0.000131316, 0.000130354, 0.000279064, 0.000126595, 0.000128358, 0.000120635, 0.000113197, 0.000148374, 0.000149804, 0.000130309, 0.000159726, 0.000131995, 0.000149812, 0.000130888, 0.000150323, 0.000135992, 0.000147776, 0.00017667, 0.00013194, 0.000158963, 0.000134826, 0.000117034, 0.000116803, 0.000133223, 0.000145546, 0.000149369, 0.000131923, 0.00013044, 0.000145682, 0.000118323, 0.000156041, 0.000117903, 0.000143241, 0.00013632, 0.000120094, 0.000144857, 0.000148767, 0.000131345, 0.000148743, 0.000115374]"
orl,400,370,3,30,"[array([25], dtype=int32), array([25], dtype=int32), array([25], dtype=int32), array([25], dtype=int32), array([25], dtype=int32), array([25], dtype=int32), array([25], dtype=int32), array([25], dtype=int32), array([25], dtype=int32), array([25], dtype=int32), array([25], dtype=int32), array([25], dtype=int32), array([25], dtype=int32), array([25], dtype=int32), array([25], dtype=int32), array([25], dtype=int32), array([25], dtype=int32), array([25], dtype=int32), array([25], dtype=int32), array([25], dtype=int32), array([25], dtype=int32), array([25], dtype=int32), array([25], dtype=int32), array([25], dtype=int32), array([25], dtype=int32), array([25], dtype=int32), array([25], dtype=int32), array([25], dtype=int32), array([25], dtype=int32), array([25], dtype=int32), array([25], dtype=int32), array([25], dtype=int32), array([25], dtype=int32), array([25], dtype=int32), array([25], dtype=int32), array([25], dtype=int32), array([25], dtype=int32), array([25], dtype=int32), array([25], dtype=int32), array([25], dtype=int32), array([25], dtype=int32), array([25], dtype=int32), array([25], dtype=int32), array([25], dtype=int32), array([25], dtype=int32), array([25], dtype=int32), array([25], dtype=int32), array([25], dtype=int32), array([25], dtype=int32), array([25], dtype=int32), array([25], dtype=int32), array([25], dtype=int32), array([25], dtype=int32), array([25], dtype=int32), array([25], dtype=int32), array([25], dtype=int32), array([25], dtype=int32), array([25], dtype=int32), array([25], dtype=int32), array([25], dtype=int32), array([25], dtype=int32), array([25], dtype=int32), array([25], dtype=int32), array([25], dtype=int32), array([25], dtype=int32), array([25], dtype=int32), array([25], dtype=int32), array([25], dtype=int32), array([25], dtype=int32), array([25], dtype=int32), array([25], dtype=int32), array([25], dtype=int32), array([25], dtype=int32), array([25], dtype=int32), array([25], dtype=int32), array([25], dtype=int32), array([25], dtype=int32), array([25], dtype=int32), array([25], dtype=int32), array([25], dtype=int32), array([25], dtype=int32), array([25], dtype=int32), array([25], dtype=int32), array([25], dtype=int32), array([25], dtype=int32), array([25], dtype=int32), array([25], dtype=int32), array([25], dtype=int32), array([25], dtype=int32), array([25], dtype=int32), array([25], dtype=int32), array([25], dtype=int32), array([25], dtype=int32), array([25], dtype=int32), array([25], dtype=int32), array([25], dtype=int32), array([25], dtype=int32), array([25], dtype=int32), array([25], dtype=int32), array([25], dtype=int32), array([25], dtype=int32), array([25], dtype=int32), array([25], dtype=int32), array([25], dtype=int32), array([25], dtype=int32), array([25], dtype=int32), array([25], dtype=int32), array([25], dtype=int32), array([25], dtype=int32), array([25], dtype=int32), array([25], dtype=int32), array([25], dtype=int32), array([25], dtype=int32), array([25], dtype=int32), array([25], dtype=int32), array([25], dtype=int32), array([25], dtype=int32), array([25], dtype=int32), array([25], dtype=int32), array([25], dtype=int32), array([25], dtype=int32), array([25], dtype=int32), array([25], dtype=int32), array([25], dtype=int32), array([25], dtype=int32), array([25], dtype=int32), array([25], dtype=int32), array([25], dtype=int32), array([25], dtype=int32), array([25], dtype=int32), array([25], dtype=int32), array([25], dtype=int32), array([25], dtype=int32), array([25], dtype=int32), array([25], dtype=int32), array([25], dtype=int32), array([25], dtype=int32), array([25], dtype=int32), array([25], dtype=int32), array([25], dtype=int32), array([25], dtype=int32), array([25], dtype=int32), array([25], dtype=int32), array([25], dtype=int32), array([25], dtype=int32), array([25], dtype=int32), array([25], dtype=int32), array([25], dtype=int32), array([25], dtype=int32), array([25], dtype=int32), array([25], dtype=int32), array([25], dtype=int32), array([25], dtype=int32), array([25], dtype=int32), array([25], dtype=int32), array([25], dtype=int32), array([25], dtype=int32), array([25], dtype=int32), array([25], dtype=int32), array([25], dtype=int32), array([25], dtype=int32), array([25], dtype=int32), array([25], dtype=int32), array([25], dtype=int32), array([25], dtype=int32), array([25], dtype=int32), array([25], dtype=int32), array([25], dtype=int32), array([25], dtype=int32), array([25], dtype=int32), array([25], dtype=int32), array([25], dtype=int32), array([25], dtype=int32), array([25], dtype=int32), array([25], dtype=int32), array([25], dtype=int32), array([25], dtype=int32), array([25], dtype=int32), array([25], dtype=int32), array([25], dtype=int32), array([25], dtype=int32), array([25], dtype=int32), array([25], dtype=int32), array([25], dtype=int32), array([25], dtype=int32), array([25], dtype=int32), array([25], dtype=int32), array([25], dtype=int32), array([25], dtype=int32), array([25], dtype=int32), array([25], dtype=int32), array([25], dtype=int32), array([25], dtype=int32), array([25], dtype=int32), array([25], dtype=int32), array([25], dtype=int32), array([25], dtype=int32), array([25], dtype=int32), array([25], dtype=int32), array([25], dtype=int32), array([25], dtype=int32), array([25], dtype=int32), array([25], dtype=int32), array([25], dtype=int32), array([25], dtype=int32), array([25], dtype=int32), array([25], dtype=int32), array([25], dtype=int32), array([25], dtype=int32), array([25], dtype=int32), array([25], dtype=int32), array([25], dtype=int32), array([25], dtype=int32), array([25], dtype=int32), array([25], dtype=int32), array([25], dtype=int32), array([25], dtype=int32), array([25], dtype=int32), array([25], dtype=int32), array([25], dtype=int32), array([25], dtype=int32), array([25], dtype=int32), array([25], dtype=int32), array([25], dtype=int32), array([25], dtype=int32), array([25], dtype=int32), array([25], dtype=int32), array([25], dtype=int32), array([25], dtype=int32), array([25], dtype=int32), array([25], dtype=int32), array([25], dtype=int32), array([25], dtype=int32), array([25], dtype=int32), array([25], dtype=int32), array([25], dtype=int32), array([25], dtype=int32), array([25], dtype=int32), array([25], dtype=int32), array([25], dtype=int32), array([25], dtype=int32), array([25], dtype=int32), array([25], dtype=int32), array([25], dtype=int32), array([25], dtype=int32), array([25], dtype=int32), array([25], dtype=int32), array([25], dtype=int32), array([25], dtype=int32), array([25], dtype=int32), array([25], dtype=int32), array([25], dtype=int32), array([25], dtype=int32), array([25], dtype=int32), array([25], dtype=int32), array([25], dtype=int32), array([25], dtype=int32), array([25], dtype=int32), array([25], dtype=int32), array([25], dtype=int32), array([25], dtype=int32), array([25], dtype=int32), array([25], dtype=int32), array([25], dtype=int32), array([25], dtype=int32), array([25], dtype=int32), array([25], dtype=int32), array([25], dtype=int32), array([25], dtype=int32), array([25], dtype=int32), array([25], dtype=int32), array([25], dtype=int32), array([25], dtype=int32), array([25], dtype=int32), array([25], dtype=int32), array([25], dtype=int32), array([25], dtype=int32), array([25], dtype=int32), array([25], dtype=int32), array([25], dtype=int32), array([25], dtype=int32), array([25], dtype=int32), array([25], dtype=int32), array([25], dtype=int32), array([25], dtype=int32), array([25], dtype=int32), array([25], dtype=int32), array([25], dtype=int32), array([25], dtype=int32), array([25], dtype=int32), array([25], dtype=int32), array([25], dtype=int32), array([25], dtype=int32), array([25], dtype=int32), array([25], dtype=int32), array([25], dtype=int32), array([25], dtype=int32), array([25], dtype=int32), array([25], dtype=int32), array([25], dtype=int32), array([25], dtype=int32), array([25], dtype=int32), array([25], dtype=int32), array([25], dtype=int32), array([25], dtype=int32), array([25], dtype=int32), array([25], dtype=int32), array([25], dtype=int32), array([25], dtype=int32), array([25], dtype=int32), array([25], dtype=int32), array([25], dtype=int32), array([25], dtype=int32), array([25], dtype=int32), array([25], dtype=int32), array([25], dtype=int32), array([25], dtype=int32), array([25], dtype=int32), array([25], dtype=int32), array([25], dtype=int32), array([25], dtype=int32), array([25], dtype=int32), array([25], dtype=int32), array([25], dtype=int32), array([25], dtype=int32), array([25], dtype=int32), array([25], dtype=int32), array([25], dtype=int32), array([25], dtype=int32), array([25], dtype=int32), array([25], dtype=int32), array([25], dtype=int32), array([25], dtype=int32), array([25], dtype=int32), array([25], dtype=int32), array([25], dtype=int32), array([25], dtype=int32), array([25], dtype=int32), array([25], dtype=int32), array([25], dtype=int32), array([25], dtype=int32), array([25], dtype=int32), array([25], dtype=int32), array([25], dtype=int32), array([25], dtype=int32), array([25], dtype=int32), array([25], dtype=int32), array([25], dtype=int32), array([25], dtype=int32), array([25], dtype=int32), array([25], dtype=int32), array([25], dtype=int32), array([25], dtype=int32), array([25], dtype=int32), array([25], dtype=int32), array([25], dtype=int32), array([25], dtype=int32), array([25], dtype=int32), array([25], dtype=int32), array([25], dtype=int32), array([25], dtype=int32), array([25], dtype=int32), array([25], dtype=int32), array([25], dtype=int32), array([25], dtype=int32), array([25], dtype=int32), array([25], dtype=int32), array([25], dtype=int32), array([25], dtype=int32), array([25], dtype=int32)]","[array([8.81544921]), array([8.22592611]), array([10.18157105]), array([9.31688802]), array([8.06455006]), array([5.38013606]), array([5.88268309]), array([9.254083]), array([10.73084707]), array([9.32236204]), array([9.21851309]), array([8.18969701]), array([8.17669118]), array([7.98560313]), array([9.40136819]), array([5.25578907]), array([9.08657206]), array([6.91622901]), array([10.92275714]), array([11.83372299]), array([8.31951107]), array([7.49079014]), array([11.06003901]), array([2.76794604]), array([13.50717214]), array([9.86184009]), array([6.95629803]), array([5.37389515]), array([12.47251717]), array([4.31873412]), array([10.47201311]), array([7.71044508]), array([7.86182907]), array([10.39175511]), array([8.82958804]), array([8.77022118]), array([8.33661204]), array([9.48297206]), array([6.01300797]), array([8.72311813]), array([8.49446513]), array([5.56874611]), array([7.89421308]), array([7.21846607]), array([4.17951998]), array([9.66794917]), array([5.87356208]), array([4.85593121]), array([11.17423212]), array([7.36352619]), array([4.08702509]), array([7.97317915]), array([7.64674899]), array([9.50592811]), array([10.72058516]), array([5.95287898]), array([8.59872512]), array([8.05592717]), array([11.53759311]), array([7.47077306]), array([10.80364514]), array([7.34653213]), array([7.78886308]), array([7.47311411]), array([10.08429914]), array([6.95758812]), array([9.63480703]), array([6.75287194]), array([8.02513307]), array([3.09196121]), array([6.05604311]), array([8.36050611]), array([10.06973508]), array([4.28320497]), array([9.16999314]), array([8.01718713]), array([10.95415]), array([4.37051909]), array([7.01458802]), array([8.44301207]), array([13.36631203]), array([11.80608311]), array([10.21332922]), array([6.5830011]), array([9.29501511]), array([8.47482412]), array([6.72305907]), array([6.80636318]), array([9.89901415]), array([10.51713619]), array([7.52119208]), array([7.40754902]), array([8.32992006]), array([9.61917503]), array([10.00834109]), array([8.75564111]), array([11.87520612]), array([9.3800541]), array([4.21589813]), array([10.33303112]), array([7.52783408]), array([11.41964811]), array([7.08755218]), array([8.58354505]), array([7.28840022]), array([8.96443212]), array([5.37465299]), array([9.23224203]), array([6.45745906]), array([5.78613712]), array([8.36424813]), array([7.77871803]), array([6.13643214]), array([7.32690608]), array([10.1893441]), array([3.68052302]), array([8.36480008]), array([9.81851313]), array([7.86065495]), array([8.02576103]), array([6.66950801]), array([5.34817014]), array([7.76172703]), array([8.99766909]), array([7.3155701]), array([9.30530311]), array([8.36256418]), array([6.7865381]), array([8.96322204]), array([6.38752518]), array([9.55847314]), array([10.98862105]), array([8.82652607]), array([6.87239905]), array([12.03650511]), array([6.43144006]), array([7.46410613]), array([8.25050705]), array([8.25039321]), array([9.16832408]), array([5.8896471]), array([9.90373302]), array([10.73682913]), array([5.32638799]), array([7.16255605]), array([5.41217813]), array([10.8305591]), array([10.54959303]), array([8.42659009]), array([10.33668111]), array([9.44829416]), array([4.28056008]), array([5.49682013]), array([9.92351811]), array([9.40414207]), array([2.86014911]), array([8.24656405]), array([8.23307407]), array([11.80168616]), array([7.51386911]), array([8.18016607]), array([10.73202704]), array([9.05723507]), array([7.35669703]), array([4.97094611]), array([4.73557611]), array([6.94008107]), array([4.92318515]), array([5.43829318]), array([8.49909902]), array([6.26566304]), array([9.36021918]), array([6.75207115]), array([8.35412593]), array([8.65715013]), array([8.51302803]), array([11.42398512]), array([10.87326809]), array([7.55623803]), array([8.12662908]), array([12.09502712]), array([10.41962909]), array([6.03851713]), array([5.23809711]), array([8.91916507]), array([8.72619803]), array([9.34616706]), array([3.53947808]), array([8.17802701]), array([8.17279214]), array([6.10010006]), array([6.56757109]), array([8.22792317]), array([7.41961614]), array([8.371777]), array([10.9326201]), array([6.0031712]), array([7.05392403]), array([12.05706509]), array([5.79832905]), array([10.80731708]), array([6.01252008]), array([7.34649227]), array([7.37685117]), array([9.06609616]), array([-0.64266496]), array([9.76854922]), array([10.4290411]), array([6.59236612]), array([10.99159902]), array([8.49846208]), array([13.72709708]), array([8.51453807]), array([6.03051618]), array([4.61847307]), array([9.0427642]), array([8.07762505]), array([5.53577911]), array([6.67657612]), array([10.59384904]), array([6.46899005]), array([6.39144108]), array([11.30162409]), array([7.9633591]), array([11.42679203]), array([7.79797809]), array([5.84055614]), array([6.91693111]), array([11.63647317]), array([8.84996908]), array([11.62301107]), array([6.03524212]), array([7.24640317]), array([5.41829713]), array([7.53170417]), array([8.00283908]), array([3.03060298]), array([9.27205212]), array([9.63395313]), array([10.83836404]), array([8.34672208]), array([7.89927002]), array([10.36875104]), array([13.08309808]), array([6.60943205]), array([5.59897111]), array([6.23422302]), array([10.93084408]), array([6.49089109]), array([10.50318711]), array([14.62288306]), array([4.86510014]), array([8.5105471]), array([4.8226131]), array([8.27081998]), array([9.92370908]), array([5.91934415]), array([7.17998901]), array([9.23691606]), array([13.34690209]), array([7.62241314]), array([7.13734806]), array([6.48253512]), array([6.91421207]), array([8.13490321]), array([-0.81684192]), array([4.91750313]), array([4.1912999]), array([4.24656427]), array([12.77496313]), array([2.73833401]), array([11.10585319]), array([3.64198927]), array([8.3841821]), array([9.04165902]), array([5.42194111]), array([11.39713113]), array([12.50250201]), array([6.19226005]), array([9.49656005]), array([6.96575214]), array([8.436514]), array([5.43207902]), array([8.61978616]), array([8.32934712]), array([8.26454216]), array([8.17358215]), array([9.15407406]), array([4.42400901]), array([2.84654301]), array([7.76829504]), array([8.94352115]), array([9.67166705]), array([7.71639501]), array([9.25738302]), array([7.10139213]), array([7.82888708]), array([7.96511308]), array([8.94570105]), array([9.38213216]), array([6.30559726]), array([6.35303419]), array([9.45430615]), array([10.59157909]), array([7.21716505]), array([12.19913507]), array([9.501639]), array([10.71845702]), array([7.48081012]), array([8.51209007]), array([7.99530714]), array([8.14112206]), array([10.57227404]), array([7.16359315]), array([11.87485109]), array([4.2303041]), array([5.93718522]), array([8.08902015]), array([12.38286516]), array([9.77580506]), array([8.50448103]), array([7.75797618]), array([4.02808516]), array([8.30366615]), array([9.64821015]), array([7.16055104]), array([9.08344303]), array([6.15996426]), array([7.05121202]), array([6.75878797]), array([8.63106216]), array([7.03702793]), array([7.90602196]), array([8.84954019]), array([9.32225119]), array([8.42462603]), array([3.67929108]), array([8.58140708]), array([7.92395611]), array([4.80344809]), array([10.3976091]), array([7.66921713]), array([5.28245009]), array([5.46465017]), array([11.10664809]), array([9.75679512]), array([9.04828607]), array([7.56677713]), array([11.66541112]), array([2.96993611]), array([5.5356691]), array([6.30570906]), array([5.89980006]), array([8.54932121]), array([6.96751809]), array([6.99803502]), array([4.27221506]), array([11.77393314]), array([6.50746708]), array([7.75030626]), array([6.12669712]), array([8.66906703]), array([8.73788414]), array([8.35282816]), array([11.81815315]), array([9.09668108]), array([10.16236919]), array([7.24448507]), array([10.49981102]), array([6.98163008])]","[0.013795695, 0.010266634, 0.014555404, 0.016634525, 0.011085876, 0.012811986, 0.01219005, 0.016207431, 0.016628041, 0.008353208, 0.015682128, 0.012745424, 0.010675772, 0.014883606, 0.010810679, 0.011553718, 0.017428344, 0.009168775, 0.020289886, 0.012152125, 0.012257944, 0.012583658, 0.016119588, 0.008746631, 0.007952284, 0.01541867, 0.011906583, 0.014019546, 0.008477701, 0.013125464, 0.015019685, 0.012344047, 0.012388502, 0.013852906, 0.012777415, 0.014645388, 0.008766801, 0.020690611, 0.008705875, 0.010625193, 0.012045883, 0.00921004, 0.016320568, 0.010780859, 0.0182954, 0.013154154, 0.016474795, 0.012244642, 0.017560895, 0.01316353, 0.012294101, 0.011969586, 0.010505753, 0.010949375, 0.010398658, 0.021696619, 0.016701082, 0.011908694, 0.013338947, 0.020406331, 0.014023133, 0.010692266, 0.011114718, 0.011757361, 0.008796847, 0.011707497, 0.013607483, 0.011386434, 0.012917072, 0.013093238, 0.013921072, 0.012315111, 0.010152285, 0.015544077, 0.014503154, 0.012818174, 0.018077306, 0.009720479, 0.017464722, 0.008947786, 0.016227976, 0.011237851, 0.015679557, 0.01488886, 0.010193946, 0.008968866, 0.014507713, 0.012103481, 0.016558657, 0.013487074, 0.013158616, 0.010479047, 0.010135661, 0.019502546, 0.012248266, 0.012799575, 0.013428266, 0.012053037, 0.017176616, 0.007035473, 0.015935443, 0.015013091, 0.018200209, 0.010735097, 0.010671914, 0.011135338, 0.013658893, 0.017676182, 0.007795366, 0.012475878, 0.012897833, 0.014126137, 0.01517171, 0.013709508, 0.01512753, 0.013342426, 0.00610043, 0.011932412, 0.016386791, 0.015376961, 0.011018019, 0.01306206, 0.012798552, 0.014281417, 0.010237365, 0.016952467, 0.0140082, 0.016080751, 0.019068617, 0.013396594, 0.018206489, 0.012360029, 0.013544822, 0.012352916, 0.012593963, 0.013243938, 0.016253286, 0.013376974, 0.015814007, 0.020162201, 0.013888809, 0.016803386, 0.02297731, 0.018012544, 0.012290862, 0.00977809, 0.014956405, 0.009638286, 0.010070872, 0.00976247, 0.014639957, 0.016305889, 0.009682082, 0.008646737, 0.01372013, 0.015338857, 0.015144766, 0.017191351, 0.012065647, 0.018325394, 0.010762798, 0.014036623, 0.008752625, 0.010241892, 0.01445441, 0.007256375, 0.013671916, 0.014824841, 0.01262327, 0.014570942, 0.016115734, 0.012798417, 0.009144967, 0.008301203, 0.015149756, 0.015263427, 0.013296284, 0.019700843, 0.013085604, 0.010029279, 0.020522373, 0.022867087, 0.009734157, 0.017657348, 0.013418587, 0.01550559, 0.009714935, 0.019323659, 0.016094652, 0.010198307, 0.0152211, 0.014572048, 0.019960697, 0.014211646, 0.011105702, 0.013492431, 0.016997284, 0.014481531, 0.014994775, 0.022601522, 0.009971635, 0.009749419, 0.016599961, 0.010590281, 0.012538162, 0.015266564, 0.015340919, 0.013976935, 0.013659033, 0.013396183, 0.015775211, 0.017790013, 0.008957052, 0.012049049, 0.014244425, 0.00844028, 0.010076065, 0.013893676, 0.010912831, 0.013298721, 0.004870186, 0.012335877, 0.011394629, 0.015700937, 0.011220095, 0.0142885, 0.015478186, 0.012614523, 0.016072609, 0.00834362, 0.012527605, 0.013674883, 0.013787766, 0.012459269, 0.019186266, 0.010806824, 0.010627707, 0.016185258, 0.01066117, 0.015290764, 0.009488051, 0.015726601, 0.015875296, 0.01763278, 0.013747838, 0.017593387, 0.014135634, 0.011175527, 0.009547143, 0.015349378, 0.007798669, 0.01387403, 0.008524397, 0.013268059, 0.018398861, 0.012218823, 0.00683136, 0.012083712, 0.007599869, 0.010178679, 0.012189809, 0.014051787, 0.015183392, 0.014923964, 0.009031503, 0.012956083, 0.010992474, 0.016323984, 0.016341439, 0.012085421, 0.011425552, 0.009682062, 0.012128969, 0.008262855, 0.009635629, 0.01165475, 0.010962609, 0.010111595, 0.018696298, 0.009963949, 0.014221084, 0.012880654, 0.010499887, 0.015181196, 0.012963739, 0.010484345, 0.011597254, 0.01011752, 0.012096302, 0.01537327, 0.012348485, 0.017160793, 0.010523611, 0.00919096, 0.016314177, 0.02104332, 0.009448894, 0.014559233, 0.014695447, 0.015929751, 0.01373451, 0.014943277, 0.005741706, 0.015264006, 0.011466534, 0.007753656, 0.015252032, 0.014139693, 0.010710697, 0.015589488, 0.01128263, 0.008922098, 0.007360175, 0.013411383, 0.008215865, 0.008510008, 0.010120962, 0.016120067, 0.007656776, 0.011897351, 0.014214965, 0.009358715, 0.01045872, 0.012914136, 0.010973664, 0.007094356, 0.009822037, 0.018212385, 0.012848267, 0.01186221, 0.013532238, 0.018179562, 0.019994751, 0.015329796, 0.008659323, 0.008367863, 0.015074019, 0.012814285, 0.013849859, 0.011464085, 0.01247474, 0.01087466, 0.009904393, 0.017452381, 0.011884759, 0.018426977, 0.009369452, 0.015298425, 0.013216409, 0.010025406, 0.013308496, 0.01723375, 0.019625865, 0.013898217, 0.013804708, 0.010472505, 0.006004913, 0.007453971, 0.010251538, 0.01095102, 0.014069322, 0.008032262, 0.015053527, 0.016411239, 0.011063701, 0.012243331, 0.017958819, 0.014154411, 0.017196649, 0.009532565, 0.016679861, 0.00777007, 0.012519301, 0.01235346, 0.01777338, 0.014934599, 0.007739876, 0.011424216, 0.011338617, 0.013062026, 0.01150913, 0.010069149, 0.00786536, 0.016987458, 0.016872912, 0.017245105, 0.016693846, 0.017472862, 0.017238819, 0.01188194, 0.018821443, 0.01945898, 0.011597745, 0.02032392, 0.01517502, 0.015134436, 0.016297295, 0.009801121, 0.012901316, 0.012854974]","[0.000137092, 0.000136168, 0.000136615, 0.000132273, 0.000135927, 0.000134357, 0.000132341, 0.000132818, 0.00013494, 0.000136518, 0.000135297, 0.000132075, 0.000136374, 0.000133178, 0.000128717, 0.000134934, 0.000132003, 0.000134875, 0.000130613, 0.000136075, 0.000134475, 0.000130147, 0.000132641, 0.000133942, 0.000132118, 0.000141697, 0.000132986, 0.000131489, 0.000136146, 0.000132424, 0.000133275, 0.000135435, 0.000129255, 0.000132893, 0.000136845, 0.000132529, 0.000131436, 0.000119243, 0.000134125, 0.000135636, 0.000131978, 0.000133351, 0.00013507, 0.000131681, 0.00013359, 0.000151236, 0.000135088, 0.000136505, 0.000134225, 0.000133436, 0.000137482, 0.000136233, 0.000157225, 0.000135004, 0.000133735, 0.000133267, 0.000133478, 0.000132293, 0.000134433, 0.000137216, 0.000134946, 0.000132504, 0.000133227, 0.000153544, 0.000130806, 0.000132176, 0.00013366, 0.000133333, 0.00013295, 0.000136226, 0.000135707, 0.000131679, 0.000138498, 0.00013212, 0.000135028, 0.000137313, 0.000134645, 0.000135077, 0.000133761, 0.000133843, 0.000135575, 0.000148422, 0.000138475, 0.000133974, 0.00013556, 0.000137665, 0.00013297, 0.000132529, 0.00013436, 0.000133145, 0.000134307, 0.000131984, 0.000133791, 0.000134272, 0.000136457, 0.000132213, 0.000133077, 0.00013376, 0.00013244, 0.000132674, 0.000162245, 0.000131016, 0.000133566, 0.000134353, 0.000135896, 0.000132356, 0.00013833, 0.00014854, 0.000134176, 0.000136105, 0.000131656, 0.000135128, 0.000136149, 0.000135642, 0.000131468, 0.000133729, 0.000132845, 0.000133598, 0.000132368, 0.000136347, 0.000137973, 0.000134752, 0.00016057, 0.00013279, 0.000136043, 0.000132042, 0.000128772, 0.000128841, 0.000131155, 0.000128088, 0.000130799, 0.000127841, 0.000129413, 0.000129352, 0.00013205, 0.000130516, 0.000130611, 0.000128577, 0.000280321, 0.000127242, 0.000130824, 0.000129997, 0.000132753, 0.000129786, 0.000130683, 0.000125711, 0.000134006, 0.000162171, 0.000129323, 0.000130727, 0.000129021, 0.000136457, 0.000134328, 0.00013059, 0.000132023, 0.000134398, 0.000132473, 0.000130025, 0.000131307, 0.000136375, 0.000134082, 0.000132003, 0.000134976, 0.000128074, 0.000174816, 0.000128546, 0.000131239, 0.000129603, 0.000130193, 0.000130229, 0.000142988, 0.000131664, 0.000132605, 0.000132269, 0.000133347, 0.000133041, 0.000133232, 0.000131955, 0.000134862, 0.000133849, 0.000132324, 0.000132959, 0.00012829, 0.000133841, 0.000130016, 0.000125411, 0.000131782, 0.000126613, 0.000130466, 0.000126432, 0.000127341, 0.000128498, 0.000127675, 0.000129889, 0.000136744, 0.000127533, 0.000130071, 0.000131649, 0.000127717, 0.000133685, 0.000163899, 0.000149359, 0.000127677, 0.000128731, 0.000132619, 0.000127352, 0.000132276, 0.0001265, 0.000126472, 0.000130822, 0.000127732, 0.000132398, 0.000130654, 0.000130921, 0.000134166, 0.0001314, 0.000129622, 0.000135324, 0.000135697, 0.000127624, 0.000132391, 0.000131025, 0.000148897, 0.000135461, 0.000130177, 0.000131542, 0.000130256, 0.00013195, 0.000130736, 0.000130681, 0.000139505, 0.000158648, 0.000130759, 0.000129177, 0.000132744, 0.000132088, 0.000136122, 0.000130955, 0.000132731, 0.000132668, 0.000132525, 0.000133596, 0.000132076, 0.00013475, 0.000136319, 0.000130936, 0.000148909, 0.000134225, 0.000132716, 0.000132619, 0.000133375, 0.000132765, 0.000134642, 0.000132068, 0.00013082, 0.00013509, 0.000133745, 0.000132999, 0.000133661, 0.000133786, 0.000135343, 0.000131079, 0.000134565, 0.000129181, 0.000133208, 0.000132473, 0.000136602, 0.000136735, 0.000132333, 0.000133389, 0.000132641, 0.000137206, 0.000132696, 0.000132156, 0.000149382, 0.000134556, 0.000150797, 0.00013474, 0.000133571, 0.00013263, 0.000132917, 0.000131072, 0.000133106, 0.000133173, 0.000133816, 0.000134286, 0.000134502, 0.000133791, 0.000135284, 0.000132396, 0.000133343, 0.000133231, 0.000132438, 0.000128926, 0.000133639, 0.000130176, 0.000133343, 0.000133077, 0.000134378, 0.000129639, 0.000131099, 0.000135345, 0.000131354, 0.000130455, 0.000135629, 0.000131191, 0.0001324, 0.000133444, 0.000129947, 0.000132955, 0.0001344, 0.00013705, 0.000136822, 0.000131094, 0.000134549, 0.000133934, 0.000130132, 0.00013143, 0.000137372, 0.000135128, 0.00013141, 0.000134897, 0.000131099, 0.000133316, 0.000134429, 0.000133727, 0.000131478, 0.000134509, 0.000130868, 0.000132158, 0.000132845, 0.000133862, 0.000135164, 0.000133621, 0.000131172, 0.000133611, 0.00013144, 0.000133596, 0.000130917, 0.000132866, 0.000134636, 0.000131339, 0.00013124, 0.000134126, 0.0001297, 0.000143633, 0.000127689, 0.000128614, 0.000131474, 0.000127074, 0.000130498, 0.000128285, 0.000130046, 0.000129962, 0.000127804, 0.000129309, 0.000133059, 0.00012892, 0.000132942, 0.00013183, 0.000131934, 0.000134457, 0.00013494, 0.000132253, 0.000135897, 0.0001304, 0.000129413, 0.000134965, 0.000130246, 0.00013472, 0.000133507, 0.000132914, 0.000131563, 0.000131527, 0.000129392, 0.000134149, 0.000132398, 0.000138918, 0.000131476, 0.000132917, 0.000131645, 0.000132214, 0.000130451, 0.000132367, 0.000133354, 0.000137245, 0.00012944, 0.000126767, 0.000128579, 0.000158912, 0.000133682, 0.000131052, 0.000132189, 0.000131139, 0.000126805, 0.000128738, 0.000132368, 0.000127852, 0.000127767, 0.00012843]"
BioID,1521,1479,276,42,"[array([25], dtype=int32), array([25], dtype=int32), array([25], dtype=int32), array([25], dtype=int32), array([25], dtype=int32), array([25], dtype=int32), array([25], dtype=int32), array([25], dtype=int32), array([25], dtype=int32), array([25], dtype=int32), array([25], dtype=int32), array([25], dtype=int32), array([25], dtype=int32), array([25], dtype=int32), array([25], dtype=int32), array([25], dtype=int32), array([25], dtype=int32), array([25], dtype=int32), array([25], dtype=int32), array([25], dtype=int32), array([25], dtype=int32), array([25], dtype=int32), array([25], dtype=int32), array([25], dtype=int32), array([25], dtype=int32), array([25], dtype=int32), array([25], dtype=int32), array([25], dtype=int32), array([25], dtype=int32), array([25], dtype=int32), array([25], dtype=int32), array([25], dtype=int32), array([25], dtype=int32), array([25], dtype=int32), array([25], dtype=int32), array([25], dtype=int32), array([25], dtype=int32), array([25], dtype=int32), array([25], dtype=int32), array([25], dtype=int32), array([25], dtype=int32), array([25], dtype=int32), array([25], dtype=int32), array([25], dtype=int32), array([25], dtype=int32), array([25], dtype=int32), array([25], dtype=int32), array([25], dtype=int32), array([25], dtype=int32), array([25], dtype=int32), array([25], dtype=int32), array([25], dtype=int32), array([25], dtype=int32), array([25], dtype=int32), array([25], dtype=int32), array([25], dtype=int32), array([25], dtype=int32), array([25], dtype=int32), array([25], dtype=int32), array([25], dtype=int32), array([25], dtype=int32), array([25], dtype=int32), array([25], dtype=int32), array([25], dtype=int32), array([25], dtype=int32), array([25], dtype=int32), array([25], dtype=int32), array([25], dtype=int32), array([25], dtype=int32), array([25], dtype=int32), array([25], dtype=int32), array([25], dtype=int32), array([25], dtype=int32), array([25], dtype=int32), array([25], dtype=int32), array([25], dtype=int32), array([25], dtype=int32), array([25], dtype=int32), array([25], dtype=int32), array([25], dtype=int32), array([25], dtype=int32), array([25], dtype=int32), array([25], dtype=int32), array([25], dtype=int32), array([25], dtype=int32), array([25], dtype=int32), array([25], dtype=int32), array([25], dtype=int32), array([25], dtype=int32), array([25], dtype=int32), array([25], dtype=int32), array([25], dtype=int32), array([25], dtype=int32), array([25], dtype=int32), array([25], dtype=int32), array([25], dtype=int32), array([25], dtype=int32), array([25], dtype=int32), array([25], dtype=int32), array([25], dtype=int32), array([25], dtype=int32), array([25], dtype=int32), array([25], dtype=int32), array([25], dtype=int32), array([25], dtype=int32), array([25], dtype=int32), array([25], dtype=int32), array([25], dtype=int32), array([25], dtype=int32), array([25], dtype=int32), array([25], dtype=int32), array([25], dtype=int32), array([25], dtype=int32), array([25], dtype=int32), array([25], dtype=int32), array([25], dtype=int32), array([25], dtype=int32), array([25], dtype=int32), array([25], dtype=int32), array([25], dtype=int32), array([25], dtype=int32), array([25], dtype=int32), array([25], dtype=int32), array([25], dtype=int32), array([25], dtype=int32), array([25], dtype=int32), array([25], dtype=int32), array([25], dtype=int32), array([25], dtype=int32), array([25], dtype=int32), array([25], dtype=int32), array([25], dtype=int32), array([25], dtype=int32), array([25], dtype=int32), array([25], dtype=int32), array([25], dtype=int32), array([25], dtype=int32), array([25], dtype=int32), array([25], dtype=int32), array([25], dtype=int32), array([25], dtype=int32), array([25], dtype=int32), array([25], dtype=int32), array([25], dtype=int32), array([25], dtype=int32), array([25], dtype=int32), array([25], dtype=int32), array([25], dtype=int32), array([25], dtype=int32), array([25], dtype=int32), array([25], dtype=int32), array([25], dtype=int32), array([25], dtype=int32), array([25], dtype=int32), array([25], dtype=int32), array([25], dtype=int32), array([25], dtype=int32), array([25], dtype=int32), array([25], dtype=int32), array([25], dtype=int32), array([25], dtype=int32), array([25], dtype=int32), array([25], dtype=int32), array([25], dtype=int32), array([25], dtype=int32), array([25], dtype=int32), array([25], dtype=int32), array([25], dtype=int32), array([25], dtype=int32), array([25], dtype=int32), array([25], dtype=int32), array([25], dtype=int32), array([25], dtype=int32), array([25], dtype=int32), array([25], dtype=int32), array([25], dtype=int32), array([25], dtype=int32), array([25], dtype=int32), array([25], dtype=int32), array([25], dtype=int32), array([25], dtype=int32), array([25], dtype=int32), array([25], dtype=int32), array([25], dtype=int32), array([25], dtype=int32), array([25], dtype=int32), array([25], dtype=int32), array([25], dtype=int32), array([25], dtype=int32), array([25], dtype=int32), array([25], dtype=int32), array([25], dtype=int32), array([25], dtype=int32), array([25], dtype=int32), array([25], dtype=int32), array([25], dtype=int32), array([25], dtype=int32), array([25], dtype=int32), array([25], dtype=int32), array([25], dtype=int32), array([25], dtype=int32), array([25], dtype=int32), array([25], dtype=int32), array([25], dtype=int32), array([25], dtype=int32), array([25], dtype=int32), array([25], dtype=int32), array([25], dtype=int32), array([25], dtype=int32), array([25], dtype=int32), array([25], dtype=int32), array([25], dtype=int32), array([25], dtype=int32), array([25], dtype=int32), array([25], dtype=int32), array([25], dtype=int32), array([25], dtype=int32), array([25], dtype=int32), array([25], dtype=int32), array([25], dtype=int32), array([25], dtype=int32), array([25], dtype=int32), array([25], dtype=int32), array([25], dtype=int32), array([25], dtype=int32), array([25], dtype=int32), array([25], dtype=int32), array([25], dtype=int32), array([25], dtype=int32), array([25], dtype=int32), array([25], dtype=int32), array([25], dtype=int32), array([25], dtype=int32), array([25], dtype=int32), array([25], dtype=int32), array([25], dtype=int32), array([25], dtype=int32), array([25], dtype=int32), array([25], dtype=int32), array([25], dtype=int32), array([25], dtype=int32), array([25], dtype=int32), array([25], dtype=int32), array([25], dtype=int32), array([25], dtype=int32), array([25], dtype=int32), array([25], dtype=int32), array([25], dtype=int32), array([25], dtype=int32), array([25], dtype=int32), array([25], dtype=int32), array([25], dtype=int32), array([25], dtype=int32), array([25], dtype=int32), array([25], dtype=int32), array([25], dtype=int32), array([25], dtype=int32), array([25], dtype=int32), array([25], dtype=int32), array([25], dtype=int32), array([25], dtype=int32), array([25], dtype=int32), array([25], dtype=int32), array([25], dtype=int32), array([25], dtype=int32), array([25], dtype=int32), array([25], dtype=int32), array([25], dtype=int32), array([25], dtype=int32), array([25], dtype=int32), array([25], dtype=int32), array([25], dtype=int32), array([25], dtype=int32), array([25], dtype=int32), array([25], dtype=int32), array([25], dtype=int32), array([25], dtype=int32), array([25], dtype=int32), array([25], dtype=int32), array([25], dtype=int32), array([25], dtype=int32), array([25], dtype=int32), array([25], dtype=int32), array([25], dtype=int32), array([25], dtype=int32), array([25], dtype=int32), array([25], dtype=int32), array([25], dtype=int32), array([25], dtype=int32), array([25], dtype=int32), array([25], dtype=int32), array([25], dtype=int32), array([25], dtype=int32), array([25], dtype=int32), array([25], dtype=int32), array([25], dtype=int32), array([25], dtype=int32), array([25], dtype=int32), array([25], dtype=int32), array([25], dtype=int32), array([25], dtype=int32), array([25], dtype=int32), array([25], dtype=int32), array([25], dtype=int32), array([25], dtype=int32), array([25], dtype=int32), array([25], dtype=int32), array([25], dtype=int32), array([25], dtype=int32), array([25], dtype=int32), array([25], dtype=int32), array([25], dtype=int32), array([25], dtype=int32), array([25], dtype=int32), array([25], dtype=int32), array([25], dtype=int32), array([25], dtype=int32), array([25], dtype=int32), array([25], dtype=int32), array([25], dtype=int32), array([25], dtype=int32), array([25], dtype=int32), array([25], dtype=int32), array([25], dtype=int32), array([25], dtype=int32), array([25], dtype=int32), array([25], dtype=int32), array([25], dtype=int32), array([25], dtype=int32), array([25], dtype=int32), array([25], dtype=int32), array([25], dtype=int32), array([25], dtype=int32), array([25], dtype=int32), array([25], dtype=int32), array([25], dtype=int32), array([25], dtype=int32), array([25], dtype=int32), array([25], dtype=int32), array([25], dtype=int32), array([25], dtype=int32), array([25], dtype=int32), array([25], dtype=int32), array([25], dtype=int32), array([25], dtype=int32), array([25], dtype=int32), array([25], dtype=int32), array([25], dtype=int32), array([25], dtype=int32), array([25], dtype=int32), array([25], dtype=int32), array([25], dtype=int32), array([25], dtype=int32), array([25], dtype=int32), array([25], dtype=int32), array([25], dtype=int32), array([25], dtype=int32), array([25], dtype=int32), array([25], dtype=int32), array([25], dtype=int32), array([25], dtype=int32), array([25], dtype=int32), array([25], dtype=int32), array([25], dtype=int32), array([25], dtype=int32), array([25], dtype=int32), array([25], dtype=int32), array([25], dtype=int32), array([25], dtype=int32), array([25], dtype=int32), array([25], dtype=int32), array([25], dtype=int32), array([25], dtype=int32), array([25], dtype=int32), array([25], dtype=int32), array([25], dtype=int32), array([25], dtype=int32), array([25], dtype=int32), array([25], dtype=int32), array([25], dtype=int32), array([25], dtype=int32), array([25], dtype=int32), array([25], dtype=int32), array([25], dtype=int32), array([25], dtype=int32), array([25], dtype=int32), array([25], dtype=int32), array([25], dtype=int32), array([25], dtype=int32), array([25], dtype=int32), array([25], dtype=int32), array([25], dtype=int32), array([25], dtype=int32), array([25], dtype=int32), array([25], dtype=int32), array([25], dtype=int32), array([25], dtype=int32), array([25], dtype=int32), array([25], dtype=int32), array([25], dtype=int32), array([25], dtype=int32), array([25], dtype=int32), array([25], dtype=int32), array([25], dtype=int32), array([25], dtype=int32), array([25], dtype=int32), array([25], dtype=int32), array([25], dtype=int32), array([25], dtype=int32), array([25], dtype=int32), array([25], dtype=int32), array([25], dtype=int32), array([25], dtype=int32), array([25], dtype=int32), array([25], dtype=int32), array([25], dtype=int32), array([25], dtype=int32), array([25], dtype=int32), array([25], dtype=int32), array([25], dtype=int32), array([25], dtype=int32), array([25], dtype=int32), array([25], dtype=int32), array([25], dtype=int32), array([25], dtype=int32), array([25], dtype=int32), array([25], dtype=int32), array([25], dtype=int32), array([25], dtype=int32), array([25], dtype=int32), array([25], dtype=int32), array([25], dtype=int32), array([25], dtype=int32), array([25], dtype=int32), array([25], dtype=int32), array([25], dtype=int32), array([25], dtype=int32), array([25], dtype=int32), array([25], dtype=int32), array([25], dtype=int32), array([25], dtype=int32), array([25], dtype=int32), array([25], dtype=int32), array([25], dtype=int32), array([25], dtype=int32), array([25], dtype=int32), array([25], dtype=int32), array([25], dtype=int32), array([25], dtype=int32), array([25], dtype=int32), array([25], dtype=int32), array([25], dtype=int32), array([25], dtype=int32), array([25], dtype=int32), array([25], dtype=int32), array([25], dtype=int32), array([25], dtype=int32), array([25], dtype=int32), array([25], dtype=int32), array([25], dtype=int32), array([25], dtype=int32), array([25], dtype=int32), array([25], dtype=int32), array([25], dtype=int32), array([25], dtype=int32), array([25], dtype=int32), array([25], dtype=int32), array([25], dtype=int32), array([25], dtype=int32), array([25], dtype=int32), array([25], dtype=int32), array([25], dtype=int32), array([25], dtype=int32), array([25], dtype=int32), array([25], dtype=int32), array([25], dtype=int32), array([25], dtype=int32), array([25], dtype=int32), array([25], dtype=int32), array([25], dtype=int32), array([25], dtype=int32), array([25], dtype=int32), array([25], dtype=int32), array([25], dtype=int32), array([25], dtype=int32), array([25], dtype=int32), array([25], dtype=int32), array([25], dtype=int32), array([25], dtype=int32), array([25], dtype=int32), array([25], dtype=int32), array([25], dtype=int32), array([25], dtype=int32), array([25], dtype=int32), array([25], dtype=int32), array([25], dtype=int32), array([25], dtype=int32), array([25], dtype=int32), array([25], dtype=int32), array([25], dtype=int32), array([25], dtype=int32), array([25], dtype=int32), array([25], dtype=int32), array([25], dtype=int32), array([25], dtype=int32), array([25], dtype=int32), array([25], dtype=int32), array([25], dtype=int32), array([25], dtype=int32), array([25], dtype=int32), array([25], dtype=int32), array([25], dtype=int32), array([25], dtype=int32), array([25], dtype=int32), array([25], dtype=int32), array([25], dtype=int32), array([25], dtype=int32), array([25], dtype=int32), array([25], dtype=int32), array([25], dtype=int32), array([25], dtype=int32), array([25], dtype=int32), array([25], dtype=int32), array([25], dtype=int32), array([25], dtype=int32), array([25], dtype=int32), array([25], dtype=int32), array([25], dtype=int32), array([25], dtype=int32), array([25], dtype=int32), array([25], dtype=int32), array([25], dtype=int32), array([25], dtype=int32), array([25], dtype=int32), array([25], dtype=int32), array([25], dtype=int32), array([25], dtype=int32), array([25], dtype=int32), array([25], dtype=int32), array([25], dtype=int32), array([25], dtype=int32), array([25], dtype=int32), array([25], dtype=int32), array([25], dtype=int32), array([25], dtype=int32), array([25], dtype=int32), array([25], dtype=int32), array([25], dtype=int32), array([25], dtype=int32), array([25], dtype=int32), array([25], dtype=int32), array([25], dtype=int32), array([25], dtype=int32), array([25], dtype=int32), array([25], dtype=int32), array([25], dtype=int32), array([25], dtype=int32), array([25], dtype=int32), array([25], dtype=int32), array([25], dtype=int32), array([25], dtype=int32), array([25], dtype=int32), array([25], dtype=int32), array([25], dtype=int32), array([25], dtype=int32), array([25], dtype=int32), array([25], dtype=int32), array([25], dtype=int32), array([25], dtype=int32), array([25], dtype=int32), array([25], dtype=int32), array([25], dtype=int32), array([25], dtype=int32), array([25], dtype=int32), array([25], dtype=int32), array([25], dtype=int32), array([25], dtype=int32), array([25], dtype=int32), array([25], dtype=int32), array([25], dtype=int32), array([25], dtype=int32), array([25], dtype=int32), array([25], dtype=int32), array([25], dtype=int32), array([25], dtype=int32), array([25], dtype=int32), array([25], dtype=int32), array([25], dtype=int32), array([25], dtype=int32), array([25], dtype=int32), array([25], dtype=int32), array([25], dtype=int32), array([25], dtype=int32), array([25], dtype=int32), array([25], dtype=int32), array([25], dtype=int32), array([25], dtype=int32), array([25], dtype=int32), array([25], dtype=int32), array([25], dtype=int32), array([25], dtype=int32), array([25], dtype=int32), array([25], dtype=int32), array([25], dtype=int32), array([25], dtype=int32), array([25], dtype=int32), array([25], dtype=int32), array([25], dtype=int32), array([25], dtype=int32), array([25], dtype=int32), array([25], dtype=int32), array([25], dtype=int32), array([25], dtype=int32), array([25], dtype=int32), array([25], dtype=int32), array([25], dtype=int32), array([25], dtype=int32), array([25], dtype=int32), array([25], dtype=int32), array([25], dtype=int32), array([25], dtype=int32), array([25], dtype=int32), array([25], dtype=int32), array([25], dtype=int32), array([25], dtype=int32), array([25], dtype=int32), array([25], dtype=int32), array([25], dtype=int32), array([25], dtype=int32), array([25], dtype=int32), array([25], dtype=int32), array([25], dtype=int32), array([25], dtype=int32), array([25], dtype=int32), array([25], dtype=int32), array([25], dtype=int32), array([25], dtype=int32), array([25], dtype=int32), array([25], dtype=int32), array([25], dtype=int32), array([25], dtype=int32), array([25], dtype=int32), array([25], dtype=int32), array([25], dtype=int32), array([25], dtype=int32), array([25], dtype=int32), array([25], dtype=int32), array([25], dtype=int32), array([25], dtype=int32), array([25], dtype=int32), array([25], dtype=int32), array([25], dtype=int32), array([25], dtype=int32), array([25], dtype=int32), array([25], dtype=int32), array([25], dtype=int32), array([25], dtype=int32), array([25], dtype=int32), array([25], dtype=int32), array([25], dtype=int32), array([25], dtype=int32), array([25], dtype=int32), array([25], dtype=int32), array([25], dtype=int32), array([25], dtype=int32), array([25], dtype=int32), array([25], dtype=int32), array([25], dtype=int32), array([25], dtype=int32), array([25], dtype=int32), array([25], dtype=int32), array([25], dtype=int32), array([25], dtype=int32), array([25], dtype=int32), array([25], dtype=int32), array([25], dtype=int32), array([25], dtype=int32), array([25], dtype=int32), array([25], dtype=int32), array([25], dtype=int32), array([25], dtype=int32), array([25], dtype=int32), array([25], dtype=int32), array([25], dtype=int32), array([25], dtype=int32), array([25], dtype=int32), array([25], dtype=int32), array([25], dtype=int32), array([25], dtype=int32), array([25], dtype=int32), array([25], dtype=int32), array([25], dtype=int32), array([25], dtype=int32), array([25], dtype=int32), array([25], dtype=int32), array([25], dtype=int32), array([25], dtype=int32), array([25], dtype=int32), array([25], dtype=int32), array([25], dtype=int32), array([25], dtype=int32), array([25], dtype=int32), array([25], dtype=int32), array([25], dtype=int32), array([25], dtype=int32), array([25], dtype=int32), array([25], dtype=int32), array([25], dtype=int32), array([25], dtype=int32), array([25], dtype=int32), array([25], dtype=int32), array([25], dtype=int32), array([25], dtype=int32), array([25], dtype=int32), array([25], dtype=int32), array([25], dtype=int32), array([25], dtype=int32), array([25], dtype=int32), array([25], dtype=int32), array([25], dtype=int32), array([25], dtype=int32), array([25], dtype=int32), array([25], dtype=int32), array([25], dtype=int32), array([25], dtype=int32), array([25], dtype=int32), array([25], dtype=int32), array([25], dtype=int32), array([25], dtype=int32), array([25], dtype=int32), array([25], dtype=int32), array([25], dtype=int32), array([25], dtype=int32), array([25], dtype=int32), array([25], dtype=int32), array([25], dtype=int32), array([25], dtype=int32), array([25], dtype=int32), array([25], dtype=int32), array([25], dtype=int32), array([25], dtype=int32), array([25], dtype=int32), array([25], dtype=int32), array([25], dtype=int32), array([25], dtype=int32), array([25], dtype=int32), array([25], dtype=int32), array([25], dtype=int32), array([25], dtype=int32), array([25], dtype=int32), array([25], dtype=int32), array([25], dtype=int32), array([25], dtype=int32), array([25], dtype=int32), array([25], dtype=int32), array([25], dtype=int32), array([25], dtype=int32), array([25], dtype=int32), array([25], dtype=int32), array([25], dtype=int32), array([25], dtype=int32), array([25], dtype=int32), array([25], dtype=int32), array([25], dtype=int32), array([25], dtype=int32), array([25], dtype=int32), array([25], dtype=int32), array([25], dtype=int32), array([25], dtype=int32), array([25], dtype=int32), array([25], dtype=int32), array([25], dtype=int32), array([25], dtype=int32), array([25], dtype=int32), array([25], dtype=int32), array([25], dtype=int32), array([25], dtype=int32), array([25], dtype=int32), array([25], dtype=int32), array([25], dtype=int32), array([25], dtype=int32), array([25], dtype=int32), array([25], dtype=int32), array([25], dtype=int32), array([25], dtype=int32), array([25], dtype=int32), array([25], dtype=int32), array([25], dtype=int32), array([25], dtype=int32), array([25], dtype=int32), array([25], dtype=int32), array([25], dtype=int32), array([25], dtype=int32), array([25], dtype=int32), array([25], dtype=int32), array([25], dtype=int32), array([25], dtype=int32), array([25], dtype=int32), array([25], dtype=int32), array([25], dtype=int32), array([25], dtype=int32), array([25], dtype=int32), array([25], dtype=int32), array([25], dtype=int32), array([25], dtype=int32), array([25], dtype=int32), array([25], dtype=int32), array([25], dtype=int32), array([25], dtype=int32), array([25], dtype=int32), array([25], dtype=int32), array([25], dtype=int32), array([25], dtype=int32), array([25], dtype=int32), array([25], dtype=int32), array([25], dtype=int32), array([25], dtype=int32), array([25], dtype=int32), array([25], dtype=int32), array([25], dtype=int32), array([25], dtype=int32), array([25], dtype=int32), array([25], dtype=int32), array([25], dtype=int32), array([25], dtype=int32), array([25], dtype=int32), array([25], dtype=int32), array([25], dtype=int32), array([25], dtype=int32), array([25], dtype=int32), array([25], dtype=int32), array([25], dtype=int32), array([25], dtype=int32), array([25], dtype=int32), array([25], dtype=int32), array([25], dtype=int32), array([25], dtype=int32), array([25], dtype=int32), array([25], dtype=int32), array([25], dtype=int32), array([25], dtype=int32), array([25], dtype=int32), array([25], dtype=int32), array([25], dtype=int32), array([25], dtype=int32), array([25], dtype=int32), array([25], dtype=int32), array([25], dtype=int32), array([25], dtype=int32), array([25], dtype=int32), array([25], dtype=int32), array([25], dtype=int32), array([25], dtype=int32), array([25], dtype=int32), array([25], dtype=int32), array([25], dtype=int32), array([25], dtype=int32), array([25], dtype=int32), array([25], dtype=int32), array([25], dtype=int32), array([25], dtype=int32), array([25], dtype=int32), array([25], dtype=int32), array([25], dtype=int32), array([25], dtype=int32), array([25], dtype=int32), array([25], dtype=int32), array([25], dtype=int32), array([25], dtype=int32), array([25], dtype=int32), array([25], dtype=int32), array([25], dtype=int32), array([25], dtype=int32), array([25], dtype=int32), array([25], dtype=int32), array([25], dtype=int32), array([25], dtype=int32), array([25], dtype=int32), array([25], dtype=int32), array([25], dtype=int32), array([25], dtype=int32), array([25], dtype=int32), array([25], dtype=int32), array([25], dtype=int32), array([25], dtype=int32), array([25], dtype=int32), array([25], dtype=int32), array([25], dtype=int32), array([25], dtype=int32), array([25], dtype=int32), array([25], dtype=int32), array([25], dtype=int32), array([25], dtype=int32), array([25], dtype=int32), array([25], dtype=int32), array([25], dtype=int32), array([25], dtype=int32), array([25], dtype=int32), array([25], dtype=int32), array([25], dtype=int32), array([25], dtype=int32), array([25], dtype=int32), array([25], dtype=int32), array([25], dtype=int32), array([25], dtype=int32), array([25], dtype=int32), array([25], dtype=int32), array([25], dtype=int32), array([25], dtype=int32), array([25], dtype=int32), array([25], dtype=int32), array([25], dtype=int32), array([25], dtype=int32), array([25], dtype=int32), array([25], dtype=int32), array([25], dtype=int32), array([25], dtype=int32), array([25], dtype=int32), array([25], dtype=int32), array([25], dtype=int32), array([25], dtype=int32), array([25], dtype=int32), array([25], dtype=int32), array([25], dtype=int32), array([25], dtype=int32), array([25], dtype=int32), array([25], dtype=int32), array([25], dtype=int32), array([25], dtype=int32), array([25], dtype=int32), array([25], dtype=int32), array([25], dtype=int32), array([25], dtype=int32), array([25], dtype=int32), array([25], dtype=int32), array([25], dtype=int32), array([25], dtype=int32), array([25], dtype=int32), array([25], dtype=int32), array([25], dtype=int32), array([25], dtype=int32), array([25], dtype=int32), array([25], dtype=int32), array([25], dtype=int32), array([25], dtype=int32), array([25], dtype=int32), array([25], dtype=int32), array([25], dtype=int32), array([25], dtype=int32), array([25], dtype=int32), array([25], dtype=int32), array([25], dtype=int32), array([25], dtype=int32), array([25], dtype=int32), array([25], dtype=int32), array([25], dtype=int32), array([25], dtype=int32), array([25], dtype=int32), array([25], dtype=int32), array([25], dtype=int32), array([25], dtype=int32), array([25], dtype=int32), array([25], dtype=int32), array([25], dtype=int32), array([25], dtype=int32), array([25], dtype=int32), array([25], dtype=int32), array([25], dtype=int32), array([25], dtype=int32), array([25], dtype=int32), array([25], dtype=int32), array([25], dtype=int32), array([25], dtype=int32), array([25], dtype=int32), array([25], dtype=int32), array([25], dtype=int32), array([25], dtype=int32), array([25], dtype=int32), array([25], dtype=int32), array([25], dtype=int32), array([25], dtype=int32), array([25], dtype=int32), array([25], dtype=int32), array([25], dtype=int32), array([25], dtype=int32), array([25], dtype=int32), array([25], dtype=int32), array([25], dtype=int32), array([25], dtype=int32), array([25], dtype=int32), array([25], dtype=int32), array([25], dtype=int32), array([25], dtype=int32), array([25], dtype=int32), array([25], dtype=int32), array([25], dtype=int32), array([25], dtype=int32), array([25], dtype=int32), array([25], dtype=int32), array([25], dtype=int32), array([25], dtype=int32), array([25], dtype=int32), array([25], dtype=int32), array([25], dtype=int32), array([25], dtype=int32), array([25], dtype=int32), array([25], dtype=int32), array([25], dtype=int32), array([25], dtype=int32), array([25], dtype=int32), array([25], dtype=int32), array([25], dtype=int32), array([25], dtype=int32), array([25], dtype=int32), array([25], dtype=int32), array([25], dtype=int32), array([25], dtype=int32), array([25], dtype=int32), array([25], dtype=int32), array([25], dtype=int32), array([25], dtype=int32), array([25], dtype=int32), array([25], dtype=int32), array([25], dtype=int32), array([25], dtype=int32), array([25], dtype=int32), array([25], dtype=int32), array([25], dtype=int32), array([25], dtype=int32), array([25], dtype=int32), array([25], dtype=int32), array([25], dtype=int32), array([25], dtype=int32), array([25], dtype=int32), array([25], dtype=int32), array([25], dtype=int32), array([25], dtype=int32), array([25], dtype=int32), array([25], dtype=int32), array([25], dtype=int32), array([25], dtype=int32), array([25], dtype=int32), array([25], dtype=int32), array([25], dtype=int32), array([25], dtype=int32), array([25], dtype=int32), array([25], dtype=int32), array([25], dtype=int32), array([25], dtype=int32), array([25], dtype=int32), array([25], dtype=int32), array([25], dtype=int32), array([25], dtype=int32), array([25], dtype=int32), array([25], dtype=int32), array([25], dtype=int32), array([25], dtype=int32), array([25], dtype=int32), array([25], dtype=int32), array([25], dtype=int32), array([25], dtype=int32), array([25], dtype=int32), array([25], dtype=int32), array([25], dtype=int32), array([25], dtype=int32), array([25], dtype=int32), array([25], dtype=int32), array([25], dtype=int32), array([25], dtype=int32), array([25], dtype=int32), array([25], dtype=int32), array([25], dtype=int32), array([25], dtype=int32), array([25], dtype=int32), array([25], dtype=int32), array([25], dtype=int32), array([25], dtype=int32), array([25], dtype=int32), array([25], dtype=int32), array([25], dtype=int32), array([25], dtype=int32), array([25], dtype=int32), array([25], dtype=int32), array([25], dtype=int32), array([25], dtype=int32), array([25], dtype=int32), array([25], dtype=int32), array([25], dtype=int32), array([25], dtype=int32), array([25], dtype=int32), array([25], dtype=int32), array([25], dtype=int32), array([25], dtype=int32), array([25], dtype=int32), array([25], dtype=int32), array([25], dtype=int32), array([25], dtype=int32), array([25], dtype=int32), array([25], dtype=int32), array([25], dtype=int32), array([25], dtype=int32), array([25], dtype=int32), array([25], dtype=int32), array([25], dtype=int32), array([25], dtype=int32), array([25], dtype=int32), array([25], dtype=int32), array([25], dtype=int32), array([25], dtype=int32), array([25], dtype=int32), array([25], dtype=int32), array([25], dtype=int32), array([25], dtype=int32), array([25], dtype=int32), array([25], dtype=int32), array([25], dtype=int32), array([25], dtype=int32), array([25], dtype=int32), array([25], dtype=int32), array([25], dtype=int32), array([25], dtype=int32), array([25], dtype=int32), array([25], dtype=int32), array([25], dtype=int32), array([25], dtype=int32), array([25], dtype=int32), array([25], dtype=int32), array([25], dtype=int32), array([25], dtype=int32), array([25], dtype=int32), array([25], dtype=int32), array([25], dtype=int32), array([25], dtype=int32), array([25], dtype=int32), array([25], dtype=int32), array([25], dtype=int32), array([25], dtype=int32), array([25], dtype=int32), array([25], dtype=int32), array([25], dtype=int32), array([25], dtype=int32), array([25], dtype=int32), array([25], dtype=int32), array([25], dtype=int32), array([25], dtype=int32), array([25], dtype=int32), array([25], dtype=int32), array([25], dtype=int32), array([25], dtype=int32), array([25], dtype=int32), array([25], dtype=int32), array([25], dtype=int32), array([25], dtype=int32), array([25], dtype=int32), array([25], dtype=int32), array([25], dtype=int32), array([25], dtype=int32), array([25], dtype=int32), array([25], dtype=int32), array([25], dtype=int32), array([25], dtype=int32), array([25], dtype=int32), array([25], dtype=int32), array([25], dtype=int32), array([25], dtype=int32), array([25], dtype=int32), array([25], dtype=int32), array([25], dtype=int32), array([25], dtype=int32), array([25], dtype=int32), array([25], dtype=int32), array([25], dtype=int32), array([25], dtype=int32), array([25], dtype=int32), array([25], dtype=int32), array([25], dtype=int32), array([25], dtype=int32), array([25], dtype=int32), array([25], dtype=int32), array([25], dtype=int32), array([25], dtype=int32), array([25], dtype=int32), array([25], dtype=int32), array([25], dtype=int32), array([25], dtype=int32), array([25], dtype=int32), array([25], dtype=int32), array([25], dtype=int32), array([25], dtype=int32), array([25], dtype=int32), array([25], dtype=int32), array([25], dtype=int32), array([25], dtype=int32), array([25], dtype=int32), array([25], dtype=int32), array([25], dtype=int32), array([25], dtype=int32), array([25], dtype=int32), array([25], dtype=int32), array([25], dtype=int32), array([25], dtype=int32), array([25], dtype=int32), array([25], dtype=int32), array([25], dtype=int32), array([25], dtype=int32), array([25], dtype=int32), array([25], dtype=int32), array([25], dtype=int32), array([25], dtype=int32), array([25], dtype=int32), array([25], dtype=int32), array([25], dtype=int32), array([25], dtype=int32), array([25], dtype=int32), array([25], dtype=int32), array([25], dtype=int32), array([25], dtype=int32), array([25], dtype=int32), array([25], dtype=int32), array([25], dtype=int32), array([25], dtype=int32), array([25], dtype=int32), array([25], dtype=int32), array([25], dtype=int32), array([25], dtype=int32), array([25], dtype=int32), array([25], dtype=int32), array([25], dtype=int32), array([25], dtype=int32), array([25], dtype=int32), array([25], dtype=int32), array([25], dtype=int32), array([25], dtype=int32), array([25], dtype=int32), array([25], dtype=int32), array([25], dtype=int32), array([25], dtype=int32), array([25], dtype=int32), array([25], dtype=int32), array([25], dtype=int32), array([25], dtype=int32), array([25], dtype=int32), array([25], dtype=int32), array([25], dtype=int32), array([25], dtype=int32), array([25], dtype=int32), array([25], dtype=int32), array([25], dtype=int32), array([25], dtype=int32), array([25], dtype=int32), array([25], dtype=int32), array([25], dtype=int32), array([25], dtype=int32), array([25], dtype=int32), array([25], dtype=int32), array([25], dtype=int32), array([25], dtype=int32), array([25], dtype=int32), array([25], dtype=int32), array([25], dtype=int32), array([25], dtype=int32), array([25], dtype=int32), array([25], dtype=int32), array([25], dtype=int32), array([25], dtype=int32), array([25], dtype=int32), array([25], dtype=int32), array([25], dtype=int32), array([25], dtype=int32), array([25], dtype=int32), array([25], dtype=int32), array([25], dtype=int32), array([25], dtype=int32), array([25], dtype=int32), array([25], dtype=int32), array([25], dtype=int32), array([25], dtype=int32), array([25], dtype=int32), array([25], dtype=int32), array([25], dtype=int32), array([25], dtype=int32), array([25], dtype=int32), array([25], dtype=int32), array([25], dtype=int32), array([25], dtype=int32), array([25], dtype=int32), array([25], dtype=int32), array([25], dtype=int32), array([25], dtype=int32), array([25], dtype=int32), array([25], dtype=int32), array([25], dtype=int32), array([25], dtype=int32), array([25], dtype=int32), array([25], dtype=int32), array([25], dtype=int32), array([25], dtype=int32), array([25], dtype=int32), array([25], dtype=int32), array([25], dtype=int32), array([25], dtype=int32), array([25], dtype=int32), array([25], dtype=int32), array([25], dtype=int32), array([25], dtype=int32), array([25], dtype=int32), array([25], dtype=int32), array([25], dtype=int32), array([25], dtype=int32), array([25], dtype=int32), array([25], dtype=int32), array([25], dtype=int32), array([25], dtype=int32), array([25], dtype=int32), array([25], dtype=int32), array([25], dtype=int32), array([25], dtype=int32), array([25], dtype=int32), array([25], dtype=int32), array([25], dtype=int32), array([25], dtype=int32), array([25], dtype=int32), array([25], dtype=int32), array([25], dtype=int32), array([25], dtype=int32), array([25], dtype=int32), array([25], dtype=int32), array([25], dtype=int32), array([25], dtype=int32), array([25], dtype=int32), array([25], dtype=int32), array([25], dtype=int32), array([25], dtype=int32), array([25], dtype=int32), array([25], dtype=int32), array([25], dtype=int32), array([25], dtype=int32), array([25], dtype=int32), array([25], dtype=int32), array([25], dtype=int32), array([25], dtype=int32), array([25], dtype=int32), array([25], dtype=int32), array([25], dtype=int32), array([25], dtype=int32), array([25], dtype=int32), array([25], dtype=int32), array([25], dtype=int32), array([25], dtype=int32), array([25], dtype=int32), array([25], dtype=int32), array([25], dtype=int32), array([25], dtype=int32), array([25], dtype=int32), array([25], dtype=int32), array([25], dtype=int32), array([25], dtype=int32), array([25], dtype=int32), array([25], dtype=int32), array([25], dtype=int32), array([25], dtype=int32), array([25], dtype=int32), array([25], dtype=int32), array([25], dtype=int32), array([25], dtype=int32), array([25], dtype=int32), array([25], dtype=int32), array([25], dtype=int32), array([25], dtype=int32), array([25], dtype=int32), array([25], dtype=int32), array([25], dtype=int32), array([25], dtype=int32), array([25], dtype=int32), array([25], dtype=int32), array([25], dtype=int32), array([25], dtype=int32), array([25], dtype=int32), array([25], dtype=int32), array([25], dtype=int32), array([25], dtype=int32), array([25], dtype=int32), array([25], dtype=int32), array([25], dtype=int32), array([25], dtype=int32), array([25], dtype=int32), array([25], dtype=int32), array([25], dtype=int32), array([25], dtype=int32), array([25], dtype=int32), array([25], dtype=int32), array([25], dtype=int32), array([25], dtype=int32), array([25], dtype=int32), array([25], dtype=int32), array([25], dtype=int32), array([25], dtype=int32), array([25], dtype=int32), array([25], dtype=int32), array([25], dtype=int32), array([25], dtype=int32), array([25], dtype=int32), array([25], dtype=int32), array([25], dtype=int32), array([25], dtype=int32), array([25], dtype=int32), array([25], dtype=int32), array([25], dtype=int32), array([25], dtype=int32), array([25], dtype=int32), array([25], dtype=int32), array([25], dtype=int32), array([25], dtype=int32), array([25], dtype=int32), array([25], dtype=int32), array([25], dtype=int32), array([25], dtype=int32), array([25], dtype=int32), array([25], dtype=int32), array([25], dtype=int32), array([25], dtype=int32), array([25], dtype=int32), array([25], dtype=int32), array([25], dtype=int32), array([25], dtype=int32), array([25], dtype=int32), array([25], dtype=int32), array([25], dtype=int32), array([25], dtype=int32), array([25], dtype=int32), array([25], dtype=int32), array([25], dtype=int32), array([25], dtype=int32), array([25], dtype=int32), array([25], dtype=int32), array([25], dtype=int32), array([25], dtype=int32), array([25], dtype=int32), array([25], dtype=int32), array([25], dtype=int32), array([25], dtype=int32), array([25], dtype=int32), array([25], dtype=int32), array([25], dtype=int32), array([25], dtype=int32), array([25], dtype=int32), array([25], dtype=int32), array([25], dtype=int32), array([25], dtype=int32), array([25], dtype=int32), array([25], dtype=int32), array([25], dtype=int32), array([25], dtype=int32), array([25], dtype=int32), array([25], dtype=int32), array([25], dtype=int32), array([25], dtype=int32), array([25], dtype=int32), array([25], dtype=int32), array([25], dtype=int32), array([25], dtype=int32), array([25], dtype=int32), array([25], dtype=int32), array([25], dtype=int32), array([25], dtype=int32), array([25], dtype=int32), array([25], dtype=int32), array([25], dtype=int32), array([25], dtype=int32), array([25], dtype=int32), array([25], dtype=int32), array([25], dtype=int32), array([25], dtype=int32), array([25], dtype=int32), array([25], dtype=int32), array([25], dtype=int32), array([25], dtype=int32), array([25], dtype=int32), array([25], dtype=int32)]","[array([8.87850214]), array([10.29904003]), array([7.06608104]), array([9.460706]), array([8.92776199]), array([8.7430892]), array([5.58993017]), array([6.13043711]), array([9.04712008]), array([8.60044807]), array([7.63930307]), array([11.64997899]), array([10.0171362]), array([9.49748418]), array([8.83011805]), array([9.39667902]), array([5.83560709]), array([7.54178703]), array([5.73825596]), array([11.19800812]), array([6.10808695]), array([9.24329705]), array([10.75311311]), array([10.60113515]), array([9.47440801]), array([8.25118908]), array([9.22981003]), array([9.65619314]), array([9.20027606]), array([7.39042411]), array([6.34304817]), array([6.36956511]), array([10.03824793]), array([8.31853402]), array([9.24534613]), array([7.77102205]), array([8.94961117]), array([9.80708998]), array([9.83060806]), array([10.46032707]), array([6.082298]), array([9.57877211]), array([8.31708004]), array([4.29372002]), array([8.51342711]), array([10.0117781]), array([7.65829805]), array([9.20944902]), array([7.89861321]), array([6.50333513]), array([0.70534712]), array([10.35121203]), array([6.71608506]), array([7.54250616]), array([6.91378803]), array([9.45964312]), array([9.44400413]), array([10.70150008]), array([5.59765615]), array([10.76526615]), array([5.81355703]), array([7.93909515]), array([5.00031904]), array([6.34303211]), array([5.117556]), array([7.77382401]), array([7.34174002]), array([7.41657201]), array([4.79730101]), array([8.17031715]), array([6.92826506]), array([7.33006616]), array([5.18196213]), array([10.36197003]), array([7.02686409]), array([13.33778215]), array([5.8023421]), array([6.96692704]), array([-0.587808]), array([5.00233402]), array([13.16440805]), array([4.8155382]), array([7.7421032]), array([5.93576811]), array([8.92427814]), array([6.48917911]), array([12.89872918]), array([7.50112007]), array([6.68635221]), array([9.6033602]), array([8.13603408]), array([8.98598206]), array([6.78763512]), array([5.90827014]), array([5.27544307]), array([8.80983607]), array([9.22102012]), array([8.30867122]), array([9.10051605]), array([5.46809311]), array([6.21614904]), array([1.1989049]), array([8.04001013]), array([9.52820014]), array([4.093383]), array([10.96300403]), array([12.58915502]), array([10.95158506]), array([9.66605817]), array([9.65096807]), array([11.92901698]), array([9.29034899]), array([7.28875514]), array([10.82911595]), array([6.79438907]), array([9.93848215]), array([7.1030941]), array([8.04297501]), array([6.302685]), array([5.43379508]), array([7.21155708]), array([8.39875099]), array([9.87288098]), array([6.89870899]), array([9.68013601]), array([7.04582206]), array([1.413666]), array([8.57309305]), array([5.65459106]), array([5.54199901]), array([3.84394791]), array([8.31647507]), array([10.14536414]), array([6.34647407]), array([9.13127516]), array([5.54743512]), array([9.07447414]), array([7.23476001]), array([5.38125094]), array([12.77350501]), array([8.04953015]), array([10.74196809]), array([8.91308795]), array([9.22442314]), array([9.22024214]), array([8.34631501]), array([5.48559801]), array([11.25917212]), array([7.19729513]), array([6.98642801]), array([10.21207502]), array([7.88943593]), array([9.71925514]), array([7.66321616]), array([6.32922494]), array([7.00318807]), array([8.71764107]), array([6.44174613]), array([6.37487602]), array([9.25772008]), array([10.87842718]), array([4.929606]), array([10.27000797]), array([8.38785413]), array([10.03393707]), array([7.5036391]), array([7.18561907]), array([9.40294501]), array([5.97036609]), array([6.66296697]), array([10.58305021]), array([4.48923603]), array([8.98107196]), array([8.07302209]), array([9.83314706]), array([9.34571904]), array([9.35476804]), array([8.53942709]), array([7.80698918]), array([6.83598211]), array([10.75960023]), array([5.46394298]), array([11.81035813]), array([9.55145103]), array([10.34476191]), array([8.905191]), array([6.16272899]), array([5.88970109]), array([12.23473124]), array([5.60799799]), array([9.51048018]), array([10.20235208]), array([4.79346604]), array([10.67295507]), array([11.68776708]), array([8.13283414]), array([10.60403114]), array([9.56967811]), array([6.65452704]), array([8.88509504]), array([4.73117298]), array([8.88267409]), array([10.51383011]), array([9.20044506]), array([4.45935606]), array([12.15731107]), array([11.36699514]), array([8.15599713]), array([3.95109201]), array([8.89491997]), array([6.08688198]), array([9.18747499]), array([7.7353421]), array([8.30259605]), array([5.86004206]), array([9.12096823]), array([6.44373605]), array([10.41329303]), array([10.67216206]), array([9.29876905]), array([9.22684201]), array([5.49624417]), array([7.35254918]), array([7.04491205]), array([9.05750801]), array([11.99218703]), array([9.62832698]), array([10.66330621]), array([6.76124494]), array([9.62826016]), array([9.22378896]), array([9.00920795]), array([9.98112114]), array([8.44035703]), array([8.49103705]), array([6.32861408]), array([9.06996522]), array([4.78458115]), array([7.48367199]), array([9.19123906]), array([3.00772307]), array([6.87796407]), array([7.13917203]), array([7.68226227]), array([11.39403698]), array([7.49793803]), array([7.78634107]), array([9.4562591]), array([2.41799708]), array([11.08958499]), array([7.57039716]), array([10.32146803]), array([6.99605405]), array([6.05931301]), array([7.67609401]), array([7.62136004]), array([7.2951821]), array([8.34545208]), array([6.07465311]), array([9.57308317]), array([9.39618907]), array([9.72457215]), array([6.91674599]), array([4.84492911]), array([7.32958305]), array([5.88504804]), array([7.86417911]), array([10.26187095]), array([5.00080207]), array([9.26379501]), array([6.67886395]), array([8.0224471]), array([10.33565123]), array([10.43460008]), array([11.69065894]), array([11.96352397]), array([7.69955799]), array([8.76288609]), array([8.67849808]), array([9.48916704]), array([8.34356713]), array([5.92763206]), array([7.5956082]), array([8.32351514]), array([9.98059291]), array([9.00323409]), array([12.09983108]), array([5.800383]), array([8.23781213]), array([6.62494503]), array([11.720639]), array([5.79105715]), array([5.84140909]), array([8.69413109]), array([7.212713]), array([8.09499206]), array([8.13166001]), array([10.15553705]), array([13.69742312]), array([7.53558308]), array([8.00307199]), array([8.68827905]), array([5.91638498]), array([11.94931712]), array([6.72837008]), array([10.29675606]), array([12.858815]), array([9.11832507]), array([8.65549203]), array([13.57668304]), array([9.96324305]), array([11.55355097]), array([9.30575721]), array([7.32211909]), array([6.6869091]), array([6.96701103]), array([7.37837407]), array([10.80564301]), array([9.44313712]), array([7.29039212]), array([9.34543995]), array([5.61612105]), array([9.75132315]), array([9.80836114]), array([9.45336899]), array([10.79856718]), array([6.18041711]), array([8.42896415]), array([8.81609305]), array([5.53228018]), array([9.12264296]), array([9.47929511]), array([10.72742211]), array([6.13107704]), array([9.403035]), array([9.89450306]), array([9.41421789]), array([6.92388592]), array([8.31869307]), array([7.73825405]), array([7.26550887]), array([8.46389213]), array([6.3630242]), array([8.50349712]), array([9.68310412]), array([12.24475102]), array([4.71377495]), array([7.79731506]), array([8.5378941]), array([6.78584412]), array([8.18332016]), array([4.20272106]), array([9.55282607]), array([11.22124999]), array([4.98818599]), array([9.89607612]), array([7.10086804]), array([9.09087813]), array([9.335792]), array([3.17055617]), array([7.07865703]), array([10.61955201]), array([10.21055413]), array([10.18966713]), array([6.58337194]), array([6.88837894]), array([4.65067501]), array([8.36362808]), array([6.04019103]), array([11.92203014]), array([7.94472611]), array([14.11567014]), array([11.28087714]), array([4.85590895]), array([5.91628396]), array([11.51270801]), array([11.89792401]), array([7.0589452]), array([4.15564613]), array([7.31978198]), array([8.52036809]), array([7.86378107]), array([6.87568104]), array([9.24335302]), array([8.41384815]), array([8.87671508]), array([8.62704109]), array([11.425091]), array([8.07607001]), array([11.1280241]), array([8.57471498]), array([9.26921289]), array([9.07127306]), array([6.20968402]), array([7.9382031]), array([12.30198119]), array([12.35205311]), array([6.74042616]), array([8.76390699]), array([8.0836091]), array([8.74950604]), array([6.15537919]), array([8.56887413]), array([8.20131301]), array([7.70785111]), array([9.35457797]), array([4.78787801]), array([6.2287312]), array([8.58412991]), array([12.84080315]), array([7.22830212]), array([10.92850006]), array([8.87277298]), array([8.82711209]), array([7.77776997]), array([6.63659512]), array([5.79804306]), array([7.11228014]), array([8.74269309]), array([8.32664811]), array([5.75827501]), array([12.23710104]), array([7.87689501]), array([9.2455271]), array([9.43925602]), array([7.43660718]), array([5.94181105]), array([10.34030217]), array([8.96772401]), array([6.11686707]), array([9.17413616]), array([10.68505306]), array([5.07875407]), array([8.30080801]), array([6.66168112]), array([6.32793605]), array([2.52716886]), array([4.59030298]), array([4.59978903]), array([8.12365005]), array([10.27269814]), array([9.13177012]), array([8.53020115]), array([7.81890816]), array([10.15374706]), array([4.80930206]), array([8.34981095]), array([9.7444162]), array([8.68106397]), array([8.93496802]), array([9.66723803]), array([8.43853296]), array([8.77767206]), array([6.44824711]), array([6.76265098]), array([4.09757302]), array([5.57860123]), array([10.07212501]), array([8.35017216]), array([9.05246104]), array([8.30240107]), array([-0.72327505]), array([3.44533406]), array([10.75065409]), array([6.19646703]), array([9.89446412]), array([11.51276408]), array([12.01397911]), array([10.47164322]), array([6.35253906]), array([7.22678219]), array([9.09089719]), array([9.46305511]), array([9.33074705]), array([6.15966699]), array([7.36548414]), array([6.5057049]), array([8.13637105]), array([7.44354102]), array([9.44055209]), array([7.38780513]), array([9.93881303]), array([10.9243901]), array([8.52727208]), array([8.45974099]), array([8.62897794]), array([10.69065508]), array([8.66371616]), array([8.48561613]), array([1.853328]), array([9.55116799]), array([9.40925098]), array([11.93738805]), array([6.20734606]), array([7.13314098]), array([9.98778009]), array([8.35264104]), array([10.29904003]), array([4.62312899]), array([9.68644895]), array([8.92699604]), array([6.32547218]), array([11.99625906]), array([10.27358401]), array([8.67494616]), array([6.51635402]), array([9.41209801]), array([9.23920514]), array([9.19342109]), array([6.270698]), array([5.7015071]), array([4.22412906]), array([7.43473301]), array([6.00394802]), array([10.18661498]), array([9.46532104]), array([13.82341212]), array([1.09792306]), array([4.35981816]), array([5.38602702]), array([11.6556831]), array([8.50722607]), array([7.35204298]), array([3.21478103]), array([5.7855981]), array([8.07852708]), array([12.69811295]), array([9.10760705]), array([10.80727711]), array([7.6771399]), array([7.71652211]), array([9.48643502]), array([8.75779711]), array([8.50344815]), array([6.12056416]), array([8.61183092]), array([7.11043709]), array([6.98748612]), array([7.79644704]), array([10.67940403]), array([6.39920693]), array([9.47198706]), array([5.97660212]), array([8.36774013]), array([10.22835504]), array([9.31472191]), array([11.50300405]), array([7.93277107]), array([10.56087807]), array([9.81362105]), array([8.0358311]), array([10.82484898]), array([3.4760442]), array([12.28832906]), array([10.51921614]), array([11.356636]), array([9.75628401]), array([6.8564941]), array([7.03182515]), array([9.05631996]), array([5.87085607]), array([9.63567401]), array([10.06580702]), array([8.57786101]), array([8.52363603]), array([10.02613814]), array([8.40153806]), array([5.82187095]), array([11.739338]), array([9.33407899]), array([10.37413413]), array([7.50278903]), array([8.462132]), array([8.7163701]), array([11.18838303]), array([8.51855413]), array([11.38477503]), array([5.2246491]), array([9.42572206]), array([8.72959613]), array([9.20072307]), array([7.35229818]), array([7.86601709]), array([8.69337814]), array([7.54838618]), array([3.83720705]), array([6.57913014]), array([10.27437908]), array([9.99368309]), array([7.98104497]), array([4.12848512]), array([4.86414904]), array([10.90385411]), array([8.98805601]), array([8.72345003]), array([9.39177003]), array([9.14509502]), array([11.94214511]), array([7.55764012]), array([5.3943711]), array([9.85356809]), array([7.357359]), array([7.31767921]), array([7.15341014]), array([4.69178013]), array([8.87220311]), array([11.69095111]), array([6.59582909]), array([7.769594]), array([8.46733211]), array([4.56520203]), array([7.24472312]), array([9.29788312]), array([4.98795604]), array([4.81905207]), array([5.59987302]), array([8.40603615]), array([7.05000505]), array([8.66352896]), array([6.03419407]), array([7.30280606]), array([5.98842506]), array([4.96629801]), array([7.15563014]), array([6.4579481]), array([10.91641922]), array([5.67455597]), array([9.17861703]), array([7.68858715]), array([8.64223701]), array([8.31717307]), array([12.74570006]), array([10.58553104]), array([10.48395112]), array([10.9981081]), array([7.66908303]), array([7.11463519]), array([4.23911909]), array([5.45586509]), array([12.62647013]), array([10.95887809]), array([8.07949517]), array([10.4586741]), array([2.30569802]), array([6.75796108]), array([11.34348116]), array([10.71814215]), array([5.63716699]), array([6.09512612]), array([11.08648804]), array([8.65297094]), array([9.6294901]), array([13.10119496]), array([7.12571395]), array([7.67235916]), array([12.27019518]), array([10.16064708]), array([8.14651804]), array([9.08068997]), array([5.96799504]), array([6.59574916]), array([6.8152351]), array([11.4817821]), array([7.5221662]), array([10.02674004]), array([9.13066211]), array([10.66349301]), array([11.12890015]), array([5.92117802]), array([6.24817694]), array([7.04714806]), array([7.73850193]), array([7.87107716]), array([9.025013]), array([10.95826502]), array([5.25355806]), array([9.93754011]), array([9.99474813]), array([12.35938617]), array([9.21250808]), array([9.66169297]), array([8.51929013]), array([9.67664302]), array([4.14326589]), array([7.75794301]), array([11.01892298]), array([9.48419908]), array([8.21515505]), array([11.10157101]), array([9.07645698]), array([8.83709008]), array([5.93961898]), array([6.28040208]), array([3.195875]), array([9.42378516]), array([4.52237715]), array([7.12003202]), array([12.41742507]), array([3.91836991]), array([1.02194124]), array([6.82740003]), array([4.587922]), array([9.05407207]), array([10.52376411]), array([12.47195399]), array([9.52458212]), array([4.15930401]), array([9.68962606]), array([6.50126097]), array([11.34074811]), array([7.32734902]), array([9.45619996]), array([8.45806317]), array([8.44175597]), array([6.95397909]), array([9.57295997]), array([5.45747001]), array([8.19673096]), array([9.38003201]), array([9.58066898]), array([8.92825313]), array([8.60275322]), array([8.80729308]), array([7.85861606]), array([9.80433912]), array([6.83382601]), array([5.42474216]), array([8.78592612]), array([5.61362808]), array([7.48175904]), array([5.44223911]), array([9.06266915]), array([12.21565212]), array([5.45123705]), array([6.49845311]), array([7.97751499]), array([8.47456911]), array([5.31483401]), array([6.34534903]), array([9.12384906]), array([9.95195402]), array([9.62090712]), array([9.2881271]), array([10.44487505]), array([8.58382206]), array([9.60848998]), array([14.0176031]), array([10.05474808]), array([9.55357309]), array([8.22294906]), array([11.05855195]), array([6.39724409]), array([8.83252212]), array([7.64252608]), array([10.87158413]), array([6.34400388]), array([7.73275512]), array([9.65702604]), array([11.2710211]), array([6.80605102]), array([10.18829318]), array([6.73901504]), array([8.53211005]), array([10.73730116]), array([5.98076408]), array([9.97406105]), array([6.94793599]), array([7.67850296]), array([4.88307808]), array([8.13384204]), array([10.07216506]), array([8.05794112]), array([11.03916804]), array([8.65055806]), array([13.08848016]), array([11.08338915]), array([8.73920411]), array([7.51522107]), array([4.56334408]), array([8.50212209]), array([9.77119609]), array([7.98661203]), array([6.68256701]), array([10.31701905]), array([7.5239181]), array([6.83203208]), array([11.10334914]), array([12.02233507]), array([11.26828809]), array([2.67024193]), array([9.80044705]), array([9.65759319]), array([7.59163916]), array([5.79195407]), array([9.56115122]), array([5.63250801]), array([6.69351706]), array([7.24575704]), array([9.50502089]), array([5.21131604]), array([13.39170914]), array([10.46892315]), array([7.55749816]), array([5.97516796]), array([8.94748611]), array([6.33904998]), array([8.18212601]), array([10.21360608]), array([7.83899714]), array([5.67922891]), array([6.75820821]), array([7.91076213]), array([7.02003603]), array([8.30516304]), array([5.77264405]), array([7.13743603]), array([9.90438495]), array([8.99419015]), array([9.68208206]), array([8.68523511]), array([6.79366198]), array([10.84770012]), array([7.16738602]), array([11.30698216]), array([6.84989518]), array([7.05277114]), array([9.30666494]), array([8.19146002]), array([11.03192802]), array([8.41717116]), array([5.81139798]), array([5.39034028]), array([5.94764507]), array([7.8959251]), array([7.53576406]), array([6.24001707]), array([3.41475398]), array([6.96394101]), array([6.44489104]), array([11.62577794]), array([9.85153005]), array([9.523926]), array([8.75766912]), array([5.95962508]), array([12.00233099]), array([2.77542602]), array([5.91522221]), array([7.853869]), array([9.7669461]), array([6.4375682]), array([9.13060612]), array([7.28582003]), array([6.34773503]), array([6.14156912]), array([9.6209831]), array([5.12071714]), array([8.32303297]), array([8.03435414]), array([9.61820903]), array([9.22509903]), array([10.54528207]), array([6.45417005]), array([8.03138029]), array([5.18236193]), array([5.85318814]), array([6.05680628]), array([9.99920906]), array([11.73636105]), array([10.59118207]), array([7.76307111]), array([8.69481003]), array([7.54921899]), array([8.94590708]), array([8.88161304]), array([10.8872419]), array([8.81636205]), array([10.05065806]), array([8.85745002]), array([8.67932317]), array([10.97784012]), array([10.32235899]), array([7.13352103]), array([4.29745501]), array([10.492093]), array([8.51497211]), array([11.81011496]), array([5.98744715]), array([9.00516808]), array([9.48563506]), array([7.9616712]), array([9.46838716]), array([11.07425217]), array([10.41687597]), array([11.57659503]), array([12.55754294]), array([4.03837506]), array([9.02473812]), array([8.24478613]), array([6.27414502]), array([11.33093515]), array([9.07274112]), array([8.73075307]), array([10.92292611]), array([4.7515941]), array([8.62036213]), array([13.29934311]), array([7.4835212]), array([5.24696204]), array([8.45292413]), array([6.43123397]), array([6.84903212]), array([4.11087092]), array([7.21534105]), array([9.56494714]), array([6.61770521]), array([8.82767999]), array([10.31718097]), array([6.00333107]), array([10.50849007]), array([4.70126002]), array([9.53130508]), array([7.26273411]), array([10.27430304]), array([7.12922112]), array([7.12660594]), array([6.13553104]), array([6.93919803]), array([7.93895116]), array([5.82878708]), array([9.51743005]), array([10.43876205]), array([4.53865706]), array([7.06654418]), array([6.29156813]), array([8.32273816]), array([9.31676598]), array([8.82510496]), array([3.69338202]), array([9.94927103]), array([9.09522409]), array([10.94669992]), array([7.75658909]), array([5.80839114]), array([8.60850022]), array([4.64524592]), array([9.39779604]), array([8.88036897]), array([7.7498211]), array([8.96137815]), array([8.97155817]), array([12.9002431]), array([8.11119209]), array([8.40769714]), array([9.13088495]), array([6.83458596]), array([7.92257304]), array([11.29100997]), array([10.66076695]), array([10.80734406]), array([10.05941903]), array([6.48563203]), array([6.43429012]), array([6.07286499]), array([12.95595908]), array([11.85673105]), array([10.27000797]), array([11.20873722]), array([6.53171103]), array([7.56940915]), array([9.22947599]), array([8.34484198]), array([10.72008603]), array([9.84979009]), array([7.22611406]), array([8.99598018]), array([9.10403501]), array([5.60421697]), array([4.99347299]), array([5.66091903]), array([6.78603704]), array([9.42579397]), array([5.03928502]), array([10.17205107]), array([7.59676304]), array([7.25211814]), array([11.19455818]), array([10.11317309]), array([5.26307297]), array([8.22046614]), array([9.99384013]), array([4.10012219]), array([9.20676109]), array([8.84765191]), array([9.58383706]), array([6.229451]), array([5.19650403]), array([8.27781217]), array([10.27032904]), array([6.62480616]), array([4.66197797]), array([7.498496]), array([10.71199813]), array([7.42024302]), array([9.89060706]), array([6.95671494]), array([8.67704397]), array([3.87437093]), array([7.07072602]), array([9.53515805]), array([10.47325904]), array([8.16133105]), array([8.39658212]), array([8.2212021]), array([5.99964417]), array([12.50775303]), array([8.54963011]), array([9.11178614]), array([2.57240213]), array([11.54813203]), array([5.93048325]), array([4.86640514]), array([2.32882896]), array([9.3046791]), array([7.99755497]), array([11.85496301]), array([7.09439796]), array([11.009194]), array([8.05247412]), array([10.50515512]), array([7.91729197]), array([9.03189508]), array([12.20856801]), array([6.69751805]), array([7.44266694]), array([11.54119994]), array([8.92389208]), array([7.33221009]), array([9.06007713]), array([5.61145001]), array([6.61162317]), array([7.98838094]), array([6.313757]), array([11.32736918]), array([9.15120013]), array([12.34488998]), array([6.77494004]), array([9.47624406]), array([7.96946604]), array([7.02619321]), array([5.46131699]), array([9.73820407]), array([8.18222913]), array([7.88882008]), array([11.78996904]), array([7.67576302]), array([6.71841804]), array([11.1315241]), array([9.04291812]), array([9.22013709]), array([8.29845705]), array([7.78433407]), array([12.02510607]), array([6.88013107]), array([8.59916512]), array([7.40200997]), array([8.17703012]), array([11.39099109]), array([7.53064208]), array([11.92444408]), array([7.40844308]), array([7.08269799]), array([6.18425603]), array([6.64295006]), array([7.28202897]), array([8.46046514]), array([9.06703105]), array([12.94579309]), array([7.641765]), array([4.15919808]), array([2.08926697]), array([11.6848661]), array([11.12864911]), array([4.6634981]), array([9.669148]), array([9.43223818]), array([6.57194612]), array([9.46483108]), array([6.95912902]), array([8.59839307]), array([6.87886203]), array([2.61223194]), array([12.48227713]), array([6.07325204]), array([5.33763004]), array([6.00251094]), array([9.42355717]), array([6.12537398]), array([7.56070405]), array([7.25507527]), array([7.53999816]), array([7.02447502]), array([7.69307201]), array([10.78581712]), array([9.59219694]), array([7.68037108]), array([8.93669812]), array([7.01507204]), array([8.80211616]), array([9.79155209]), array([8.81272902]), array([6.9753149]), array([9.24038114]), array([6.48947101]), array([6.74145605]), array([4.32960003]), array([8.95935807]), array([7.93761217]), array([11.21992107]), array([10.60397008]), array([4.48788415]), array([7.50777407]), array([5.43383011]), array([5.26622313]), array([9.00033313]), array([8.18775712]), array([6.432531]), array([5.81959704]), array([9.20088408]), array([13.47775819]), array([12.81410203]), array([5.51477008]), array([8.77435606]), array([8.31350709]), array([4.30086199]), array([8.29084811]), array([9.63623292]), array([11.76011212]), array([10.82996608]), array([10.00484107]), array([8.28019421]), array([9.12627697]), array([9.70069499]), array([7.65190903]), array([8.32657417]), array([10.70664816]), array([7.48543611]), array([11.25439312]), array([6.70565806]), array([5.77994107]), array([9.97486009]), array([7.49139809]), array([6.9832301]), array([6.75560599]), array([10.95798905]), array([10.87700311]), array([5.91850495]), array([8.86127804]), array([6.1386911]), array([11.13113201]), array([6.61540411]), array([7.6941571]), array([6.930057]), array([3.39036299]), array([7.95281212]), array([8.75093506]), array([9.60151801]), array([5.66620307]), array([12.54766212]), array([8.76111008]), array([8.46791298]), array([7.79924404]), array([6.92756307]), array([11.5567521]), array([6.78053414]), array([9.29939119]), array([8.13128015]), array([4.95326193]), array([10.22424592]), array([6.16814707]), array([5.81058713]), array([7.21604107]), array([11.4104371]), array([10.4614521]), array([6.26316806]), array([10.47360212]), array([9.62767902]), array([7.80528405]), array([5.9728671]), array([6.52923806]), array([7.92431507]), array([7.00357321]), array([5.90888504]), array([9.03249407]), array([9.36550197]), array([9.85072206]), array([6.50635105]), array([9.84326014]), array([6.72577617]), array([9.74867314]), array([10.54010715]), array([4.37828207]), array([7.32716722]), array([7.365806]), array([7.90694805]), array([5.66405525]), array([10.94855606]), array([8.47439513]), array([4.01037302]), array([12.42427414]), array([7.489525]), array([12.11598801]), array([9.52845516]), array([5.25484508]), array([8.445142]), array([6.70296513]), array([9.62650518]), array([5.93067802]), array([9.09051807]), array([7.74780409]), array([8.18625923]), array([9.03702305]), array([10.29673606]), array([6.9399449]), array([9.10885305]), array([11.92908014]), array([10.87406009]), array([9.75334207]), array([6.69325004]), array([10.14347902]), array([8.04968402]), array([9.01887919]), array([5.48631306]), array([8.21000003]), array([11.93227514]), array([4.09191619]), array([2.26907101]), array([9.03998209]), array([5.96775702]), array([4.54155109]), array([4.88024004]), array([8.67106915]), array([1.52022508]), array([7.6589461]), array([11.3152191]), array([9.46560603]), array([7.72697296]), array([8.41992502]), array([10.84968098]), array([8.24168411]), array([6.95138803]), array([6.14250409]), array([6.39542615]), array([9.89681194]), array([9.03779207]), array([8.96336808]), array([6.88977009]), array([5.44012805]), array([8.9774481]), array([9.75863012]), array([7.93495701]), array([8.56891409]), array([8.65543395]), array([7.08049003]), array([7.9661641]), array([6.45627585]), array([8.00933315]), array([2.81470702]), array([7.14264804]), array([7.66196084]), array([9.82098007]), array([8.97502404]), array([6.77070117]), array([8.349951]), array([8.81174701]), array([1.43740308]), array([7.53620309]), array([8.72175313]), array([9.21947915]), array([8.10756923]), array([8.39486705]), array([8.32908206]), array([7.34745315]), array([7.58346115]), array([12.31153912]), array([10.17853619]), array([5.97202203]), array([5.20832211]), array([6.08022099]), array([10.8389311]), array([8.96456299]), array([7.35391996]), array([6.51636916]), array([6.45476402]), array([11.14157713]), array([12.00656409]), array([11.23147808]), array([4.99474504]), array([9.55505916]), array([5.02586801]), array([6.28349297]), array([11.09173194]), array([7.83623311]), array([5.76346512]), array([7.2316621]), array([9.21084104]), array([9.36230308]), array([8.39577721]), array([10.06634398]), array([8.47402607]), array([9.05546011]), array([4.60586507]), array([7.32602492]), array([10.16185914]), array([10.39672021]), array([6.03229304]), array([10.56112003]), array([9.73844608]), array([6.25641404]), array([7.40913099]), array([6.72125415]), array([0.84377809]), array([6.42300308]), array([7.51807507]), array([8.38954208]), array([12.08712004]), array([8.46482618]), array([8.32578713]), array([9.50058514]), array([6.84106101]), array([7.56294202]), array([6.80315499]), array([11.01706403]), array([9.16446502]), array([7.03819895]), array([5.44600294]), array([9.37994108]), array([8.715434]), array([7.40710211]), array([8.70835502]), array([5.02158806]), array([9.93428224]), array([8.48866414]), array([7.99875915]), array([10.62334111]), array([9.28229502]), array([4.292934]), array([10.3442142]), array([10.64597609]), array([3.70579312]), array([10.61955201]), array([5.72121498]), array([7.63192914]), array([6.67306511]), array([9.24774797]), array([6.87058009]), array([7.28697204]), array([9.09966295]), array([10.42468505]), array([6.80888815]), array([4.65982106]), array([7.39115918]), array([10.97476014]), array([6.54662003]), array([5.26820112]), array([7.60127619]), array([12.67428205]), array([8.47627001]), array([10.24201519]), array([10.98599104]), array([4.8865791]), array([9.84725203]), array([11.08760103]), array([6.96265783]), array([7.31627601]), array([6.90186103]), array([12.32999206]), array([10.26897419]), array([5.75485509]), array([9.722546]), array([10.60453209]), array([5.47474012]), array([7.21155697]), array([7.10055516]), array([8.61721902]), array([7.6191741]), array([8.68003701]), array([7.24017205]), array([7.0619272]), array([11.14415412]), array([7.5863402]), array([4.28693107]), array([6.87407507]), array([6.79525609]), array([8.01716004]), array([6.04347608]), array([6.19904317]), array([9.88882407]), array([7.79874996]), array([8.50408608]), array([7.76789601]), array([7.28943102]), array([9.29012704]), array([10.326154]), array([8.44665204]), array([10.95635105]), array([7.2411081]), array([5.15974705]), array([4.4707861]), array([7.16636405]), array([6.48238308]), array([5.40725314]), array([1.24040514]), array([7.71026609]), array([7.01551002]), array([6.51967303]), array([6.83643407]), array([8.19531916]), array([6.93321104]), array([6.74024913]), array([3.95364012]), array([6.1011721]), array([9.48404897]), array([10.23176701]), array([8.44262307]), array([7.51820707]), array([8.35877318]), array([6.98867903]), array([9.52635112]), array([8.12930603]), array([10.03869501]), array([7.70907803]), array([9.1076022]), array([9.5589661]), array([6.88643908]), array([11.49629716]), array([8.49679112]), array([8.62859618]), array([9.68180501]), array([8.92563214]), array([8.30232916]), array([4.57271001]), array([7.97900012]), array([7.57135701]), array([5.15478796]), array([9.91329898]), array([10.61704912]), array([9.69357608]), array([7.80215312]), array([11.75928513]), array([9.42652814]), array([7.00731112]), array([7.20619006]), array([10.40499222]), array([8.16261908]), array([1.7397861]), array([6.69424716]), array([8.97133011]), array([9.25332121]), array([7.57545497]), array([7.0011071]), array([7.3062461]), array([9.70914914]), array([5.78905211]), array([4.60037201]), array([9.35887897]), array([11.13849502]), array([8.61241407]), array([8.93358205]), array([5.75752602]), array([10.19001105]), array([9.94676503]), array([10.23592912]), array([7.44049301]), array([5.62035903]), array([7.99687206]), array([7.96419107]), array([6.02475505]), array([8.14952002]), array([11.66673198])]","[0.091684125, 0.120699196, 0.139408959, 0.095858234, 0.096332739, 0.096807875, 0.080809339, 0.097033397, 0.1029789, 0.100618153, 0.13263466, 0.111470689, 0.115196912, 0.096862439, 0.078369077, 0.117245764, 0.107578163, 0.06512966, 0.103533046, 0.086541061, 0.119463992, 0.092533972, 0.088033276, 0.094384355, 0.087407961, 0.105119134, 0.081022989, 0.103657681, 0.104680747, 0.101722295, 0.094314098, 0.137350746, 0.10144831, 0.098982708, 0.069673346, 0.081887632, 0.104090564, 0.081958753, 0.096561408, 0.077774548, 0.084395328, 0.098443059, 0.11248488, 0.097157141, 0.08130235, 0.076571571, 0.090745773, 0.095542107, 0.083118784, 0.111320749, 0.103208477, 0.093735724, 0.101024754, 0.090530965, 0.120142541, 0.111119084, 0.127897839, 0.097251228, 0.087802011, 0.061893184, 0.084743891, 0.088767871, 0.0948017, 0.100020896, 0.069283069, 0.103215586, 0.090635814, 0.098881518, 0.086216341, 0.099082022, 0.099055086, 0.0734884, 0.086250081, 0.086856843, 0.061514451, 0.074043389, 0.095734144, 0.09597474, 0.087608182, 0.073283306, 0.102819303, 0.105384487, 0.071433289, 0.095366118, 0.101943511, 0.084208806, 0.080724056, 0.138798672, 0.100185228, 0.083832885, 0.103429988, 0.071844373, 0.094527612, 0.096737367, 0.103873588, 0.082510633, 0.069842589, 0.087824813, 0.081806646, 0.093585362, 0.084976106, 0.094162891, 0.068825235, 0.12111072, 0.099022633, 0.09618888, 0.108019436, 0.064681514, 0.098439641, 0.087639011, 0.081142118, 0.061912321, 0.100295168, 0.119588332, 0.069609656, 0.118765312, 0.100063334, 0.097040002, 0.087075522, 0.072331843, 0.108507313, 0.097079106, 0.080947025, 0.085615051, 0.113424671, 0.099671618, 0.086194682, 0.092749218, 0.088285143, 0.093861538, 0.085499858, 0.091868435, 0.085152257, 0.073105126, 0.094750348, 0.075517937, 0.071766934, 0.085834096, 0.093908818, 0.059143879, 0.119639936, 0.103825806, 0.115514154, 0.094630784, 0.114576091, 0.072181046, 0.083471276, 0.109262411, 0.090575244, 0.114036868, 0.056078766, 0.071595856, 0.071332545, 0.12174416, 0.102484157, 0.101804709, 0.104952493, 0.096101717, 0.09593108, 0.09051877, 0.065097291, 0.103296938, 0.095793974, 0.067991946, 0.106442225, 0.122440058, 0.100468397, 0.084772853, 0.118234867, 0.094699154, 0.105327528, 0.08363482, 0.064747688, 0.089802141, 0.105386241, 0.095732946, 0.058079813, 0.07508704, 0.086993096, 0.092584951, 0.103920433, 0.087211957, 0.097985723, 0.092885201, 0.073632796, 0.086749276, 0.097641393, 0.093485779, 0.089805285, 0.091434967, 0.089818216, 0.088538588, 0.106245138, 0.084207927, 0.082779324, 0.1068844, 0.089609707, 0.093958475, 0.069429635, 0.106965612, 0.085532158, 0.101734663, 0.058671607, 0.079966522, 0.145319394, 0.081019638, 0.115509372, 0.072092366, 0.10165117, 0.096825962, 0.13191215, 0.093320156, 0.120657678, 0.065616093, 0.067074246, 0.107927872, 0.102708774, 0.082396093, 0.104551443, 0.088402614, 0.110074118, 0.103556207, 0.104816875, 0.102424941, 0.095059796, 0.084184248, 0.084673458, 0.086919211, 0.102350286, 0.083025405, 0.111597297, 0.101495153, 0.086226317, 0.098740106, 0.108327779, 0.08595332, 0.072943705, 0.076995528, 0.078313707, 0.114975512, 0.102376767, 0.067967192, 0.099711021, 0.069330812, 0.07154034, 0.078850374, 0.095435372, 0.095167945, 0.09869723, 0.098248335, 0.105235182, 0.100194484, 0.09131173, 0.111867708, 0.100343775, 0.090671522, 0.08339378, 0.102973357, 0.089172931, 0.091054547, 0.063751685, 0.098050178, 0.104295276, 0.104737673, 0.103578705, 0.096031343, 0.083725413, 0.096123396, 0.07832418, 0.073332606, 0.09444067, 0.091665182, 0.097602348, 0.098792771, 0.103739637, 0.095594543, 0.104397513, 0.097058899, 0.077976083, 0.110596782, 0.094001996, 0.09772349, 0.10530153, 0.071878327, 0.066485086, 0.114593494, 0.118840523, 0.065988306, 0.104702368, 0.082660518, 0.082282232, 0.109726625, 0.112774433, 0.089727704, 0.135832572, 0.103835118, 0.063852828, 0.070942813, 0.095400454, 0.064462411, 0.084200043, 0.118616424, 0.104698307, 0.087993432, 0.107845568, 0.098685987, 0.097566866, 0.089150662, 0.089414692, 0.089183062, 0.104451087, 0.086073834, 0.100511261, 0.093561426, 0.086313842, 0.06534412, 0.105537204, 0.095733748, 0.099629735, 0.097935642, 0.064115209, 0.095929884, 0.104881923, 0.104876268, 0.098716022, 0.085435922, 0.095538105, 0.099745988, 0.093777028, 0.101585756, 0.08249154, 0.084897537, 0.08568793, 0.100205486, 0.061219387, 0.091479548, 0.084720391, 0.110362178, 0.080148606, 0.067557319, 0.06622538, 0.105047858, 0.109719849, 0.087022342, 0.101353476, 0.092593125, 0.075288194, 0.084483745, 0.087106556, 0.107915822, 0.096619706, 0.096569618, 0.074225635, 0.094855218, 0.090443898, 0.086246667, 0.094682642, 0.059417755, 0.096300818, 0.087379357, 0.102990996, 0.102996701, 0.106251543, 0.107832292, 0.089974418, 0.10019298, 0.125816508, 0.102811816, 0.07289065, 0.067074434, 0.087780215, 0.11792894, 0.105004082, 0.099788092, 0.072913935, 0.118352395, 0.115979492, 0.057483159, 0.097115597, 0.085387258, 0.07159057, 0.097993663, 0.078848766, 0.058255911, 0.096801358, 0.084735074, 0.062584027, 0.079836731, 0.090140023, 0.120096052, 0.107974048, 0.095549935, 0.090994636, 0.096866259, 0.105479972, 0.094739748, 0.101045612, 0.089990975, 0.102765284, 0.065492323, 0.097155226, 0.121613101, 0.087116577, 0.067024236, 0.075434667, 0.115641227, 0.1038995, 0.101680259, 0.104842434, 0.064140262, 0.062783373, 0.113187522, 0.102710266, 0.119814625, 0.099929208, 0.114571255, 0.141002588, 0.082516635, 0.102161548, 0.096939316, 0.095010114, 0.116643473, 0.105020621, 0.099212253, 0.103225566, 0.098012815, 0.12546437, 0.099058393, 0.085596462, 0.092867564, 0.072882536, 0.072624375, 0.087479423, 0.124563236, 0.081542242, 0.081417389, 0.107951948, 0.106578907, 0.11006221, 0.106019945, 0.09718069, 0.094123969, 0.08564528, 0.091832068, 0.109896302, 0.062119866, 0.09576239, 0.103842142, 0.114900932, 0.096419065, 0.104526228, 0.081751694, 0.121155274, 0.081114519, 0.124037393, 0.098173368, 0.127173401, 0.104676501, 0.111719704, 0.097226657, 0.108255464, 0.105459163, 0.06905365, 0.128838181, 0.083420125, 0.101880717, 0.088833594, 0.100239222, 0.11142883, 0.093463981, 0.099342297, 0.082878737, 0.118483911, 0.130123193, 0.105702306, 0.104461911, 0.110951393, 0.077797403, 0.111470605, 0.069260149, 0.110841516, 0.078840889, 0.096097585, 0.108329322, 0.106975773, 0.079504174, 0.112668203, 0.115269185, 0.087136891, 0.087526549, 0.088385537, 0.099494407, 0.131749478, 0.097737648, 0.115262275, 0.106098225, 0.11223062, 0.132009952, 0.124540141, 0.092083311, 0.153038333, 0.073591517, 0.100046495, 0.07288317, 0.11667493, 0.123254, 0.082794078, 0.103205912, 0.155826191, 0.078133694, 0.103143404, 0.102773791, 0.129021943, 0.103863763, 0.138285746, 0.098505359, 0.101506822, 0.101332456, 0.127485497, 0.121013082, 0.100215189, 0.093426237, 0.098485431, 0.089188749, 0.083817416, 0.068450517, 0.103760879, 0.108855592, 0.073773263, 0.085557436, 0.084870262, 0.070592111, 0.068412585, 0.065451295, 0.096680203, 0.08711542, 0.096187655, 0.090401991, 0.103248653, 0.094389067, 0.060473434, 0.099500732, 0.092702448, 0.072967787, 0.097443727, 0.068717508, 0.084700504, 0.102848698, 0.092286798, 0.094748673, 0.066096832, 0.082646797, 0.097004077, 0.109623566, 0.077380453, 0.099571949, 0.082191035, 0.132503648, 0.124994277, 0.113663164, 0.096630706, 0.088862338, 0.082320386, 0.109652352, 0.100478394, 0.113611612, 0.1080618, 0.112459946, 0.109969535, 0.096738103, 0.109692841, 0.113928189, 0.10234188, 0.11258236, 0.138785069, 0.108163408, 0.108444019, 0.120653471, 0.096741418, 0.135711605, 0.098572613, 0.12157644, 0.106113235, 0.105800059, 0.124626804, 0.103723759, 0.076830983, 0.127810796, 0.110288315, 0.128055893, 0.112154887, 0.065789434, 0.084624492, 0.095779566, 0.107974619, 0.093723848, 0.105473289, 0.092336435, 0.087187989, 0.096699168, 0.083403042, 0.099790304, 0.102547487, 0.071651285, 0.092141595, 0.095459143, 0.101201138, 0.092013859, 0.086793032, 0.114626279, 0.100336682, 0.09490396, 0.100776933, 0.095253936, 0.064095349, 0.098948688, 0.104367772, 0.087075415, 0.085195087, 0.105432008, 0.105790511, 0.126802209, 0.084396484, 0.064740039, 0.117091305, 0.097029482, 0.09161862, 0.061673142, 0.095515244, 0.09321726, 0.078172953, 0.091617469, 0.094817811, 0.099737419, 0.104107436, 0.104069971, 0.099536713, 0.105656969, 0.103497479, 0.086587999, 0.09656989, 0.102096824, 0.075486548, 0.100877291, 0.100754784, 0.122386785, 0.093820649, 0.097625983, 0.06764017, 0.103031823, 0.097766474, 0.097817539, 0.132046993, 0.090693708, 0.09084869, 0.090280336, 0.111534636, 0.055994771, 0.082655788, 0.107307959, 0.12613199, 0.089377406, 0.091463802, 0.093136485, 0.0985449, 0.063319463, 0.087970619, 0.140465275, 0.073592236, 0.082394782, 0.114945552, 0.086909372, 0.08742497, 0.104937021, 0.069129758, 0.113201858, 0.100882899, 0.093664395, 0.062232129, 0.069348739, 0.092547273, 0.099840562, 0.094617678, 0.069356966, 0.08175669, 0.09102884, 0.083798789, 0.081714758, 0.083060466, 0.071521954, 0.092626146, 0.067359917, 0.084226588, 0.094966018, 0.093434516, 0.107453576, 0.088850977, 0.097451701, 0.110664712, 0.104987185, 0.080631063, 0.107004643, 0.087591922, 0.082607216, 0.093810067, 0.06619718, 0.087112855, 0.099094276, 0.081083066, 0.092864163, 0.100892146, 0.099299688, 0.066766685, 0.094958025, 0.09009624, 0.093087429, 0.089168096, 0.07289627, 0.074084417, 0.10137046, 0.10167581, 0.123619069, 0.112781865, 0.0813792, 0.101890541, 0.099745128, 0.106962314, 0.06070657, 0.069995469, 0.088805089, 0.097197616, 0.072664909, 0.097558679, 0.086193957, 0.08502581, 0.071049108, 0.074627211, 0.09263112, 0.104134817, 0.072382203, 0.073265817, 0.094789617, 0.093527327, 0.090788684, 0.09345795, 0.100695069, 0.091217397, 0.09816666, 0.091562545, 0.083302157, 0.09155319, 0.090624602, 0.107327047, 0.10838294, 0.094381761, 0.101689758, 0.084837651, 0.088020775, 0.079257259, 0.127321476, 0.085782446, 0.074091638, 0.098424073, 0.093354249, 0.073566276, 0.090589456, 0.083323241, 0.135461635, 0.082331347, 0.101635259, 0.091261727, 0.089855278, 0.102381311, 0.084417541, 0.092348927, 0.104764459, 0.111298143, 0.10630657, 0.089740789, 0.082845164, 0.105119365, 0.079093971, 0.114585481, 0.088724441, 0.076446128, 0.085442884, 0.09883835, 0.089987134, 0.107785096, 0.095444408, 0.068021802, 0.074079367, 0.095612235, 0.115009947, 0.091356998, 0.117431597, 0.101470045, 0.116043051, 0.091341423, 0.089726262, 0.082580613, 0.106545202, 0.102212214, 0.089524482, 0.076849493, 0.078318775, 0.099918128, 0.097753179, 0.082381337, 0.102933281, 0.103266938, 0.108318771, 0.082303671, 0.091866764, 0.087517316, 0.108105937, 0.113574204, 0.104038624, 0.088429875, 0.088374856, 0.085636579, 0.103695826, 0.090800887, 0.094151093, 0.088293368, 0.056702308, 0.109060086, 0.073754445, 0.089269452, 0.112041013, 0.074475922, 0.13028407, 0.084307675, 0.117175845, 0.113826615, 0.102564702, 0.114736197, 0.085141412, 0.065801468, 0.06817803, 0.096856686, 0.083129848, 0.099568386, 0.095762104, 0.105803456, 0.083629223, 0.064639495, 0.093648223, 0.058714703, 0.101578273, 0.106559, 0.084328134, 0.073940244, 0.089220906, 0.109720318, 0.123547983, 0.094166405, 0.10174359, 0.064411384, 0.103150608, 0.106064221, 0.096721091, 0.103401053, 0.086677054, 0.071832922, 0.097928346, 0.087581226, 0.063890046, 0.098177742, 0.125876179, 0.0962861, 0.081307956, 0.115447376, 0.089751215, 0.099188383, 0.071262467, 0.095455107, 0.099810285, 0.121089292, 0.08459874, 0.069929708, 0.091216087, 0.102041531, 0.089882697, 0.110418257, 0.102694556, 0.094809206, 0.107619884, 0.088656513, 0.125702627, 0.082100072, 0.121346483, 0.070131764, 0.063666358, 0.083273625, 0.128694941, 0.090852908, 0.074688847, 0.1383193, 0.054618759, 0.100539926, 0.093829662, 0.089215403, 0.110447122, 0.084035284, 0.112395488, 0.091724888, 0.086145379, 0.095366174, 0.086340292, 0.062884047, 0.119455284, 0.111047075, 0.065913291, 0.092390493, 0.094297391, 0.130691659, 0.08567325, 0.108806049, 0.089393716, 0.062206179, 0.100109681, 0.112305337, 0.096137266, 0.096562226, 0.080625027, 0.095674275, 0.108084521, 0.06608679, 0.093414689, 0.076813898, 0.054849107, 0.097853373, 0.087250804, 0.089406257, 0.084406467, 0.097669783, 0.099227366, 0.117795431, 0.105712684, 0.123695094, 0.096481379, 0.10263782, 0.11226986, 0.132229621, 0.106481675, 0.115910163, 0.149015194, 0.104944822, 0.102837077, 0.080580613, 0.094234958, 0.104227954, 0.170083886, 0.101771634, 0.115443963, 0.104784628, 0.080299642, 0.0728292, 0.114687356, 0.132662574, 0.131267342, 0.08971455, 0.082477924, 0.113523076, 0.127001591, 0.133883312, 0.111233133, 0.096279974, 0.075438514, 0.099065725, 0.091845884, 0.114127712, 0.103189823, 0.12298966, 0.070569033, 0.092559306, 0.124715438, 0.07799253, 0.106781889, 0.106982925, 0.113126538, 0.098448415, 0.120285975, 0.099811264, 0.112703563, 0.11477631, 0.113630306, 0.126335172, 0.094438881, 0.10339496, 0.103786325, 0.135085541, 0.068928716, 0.113483104, 0.0946059, 0.102934235, 0.097238864, 0.101730773, 0.089462503, 0.110945429, 0.120303464, 0.1261921, 0.127038102, 0.101548841, 0.122652179, 0.079863586, 0.131222574, 0.105465265, 0.085522756, 0.111975201, 0.158876448, 0.127192934, 0.136431646, 0.076427701, 0.094282896, 0.098781561, 0.093921065, 0.10785393, 0.080029488, 0.096947592, 0.094276428, 0.111889111, 0.094597821, 0.10612436, 0.068202677, 0.096564477, 0.115333036, 0.114835157, 0.093430784, 0.111039312, 0.068393137, 0.109584595, 0.10414719, 0.092196309, 0.118923908, 0.112967273, 0.11675449, 0.119811939, 0.121046276, 0.121015872, 0.095609893, 0.108049518, 0.098686216, 0.110921294, 0.122714357, 0.115079288, 0.081794565, 0.062583977, 0.074138752, 0.093400714, 0.109594812, 0.099647581, 0.084589544, 0.070888122, 0.088322291, 0.114435919, 0.089850897, 0.14565768, 0.085112955, 0.094609983, 0.107559429, 0.093925834, 0.086691655, 0.101072551, 0.097372905, 0.07188175, 0.099367294, 0.071300329, 0.063578971, 0.081089456, 0.103242841, 0.059037081, 0.072352201, 0.117683747, 0.092673944, 0.104828053, 0.08489996, 0.103744598, 0.075712056, 0.096934621, 0.098682637, 0.090712441, 0.0867317, 0.112885611, 0.074993132, 0.090156763, 0.095916587, 0.099572084, 0.102792487, 0.040056681, 0.091046971, 0.089498604, 0.094619473, 0.1084688, 0.102461621, 0.109491164, 0.089913397, 0.08697124, 0.08651555, 0.087561261, 0.094351499, 0.10021215, 0.098251508, 0.086334416, 0.105066683, 0.089860704, 0.07630685, 0.065455943, 0.09026369, 0.091964488, 0.068965487, 0.074364453, 0.083435866, 0.094240059, 0.078411921, 0.090782589, 0.098224925, 0.074676847, 0.087864329, 0.091954404, 0.085295777, 0.092853886, 0.083891789, 0.092411218, 0.07410514, 0.097878025, 0.091061472, 0.07483072, 0.092038586, 0.118727067, 0.095498383, 0.103084591, 0.086513992, 0.103943218, 0.095012118, 0.090431988, 0.088750401, 0.119126514, 0.107684425, 0.093986304, 0.094095522, 0.112759918, 0.085089847, 0.069011413, 0.090322446, 0.087774781, 0.088014735, 0.089027349, 0.095593223, 0.097817753, 0.091400407, 0.085566097, 0.115339958, 0.098661152, 0.09734344, 0.068538409, 0.105465364, 0.096491322, 0.066299611, 0.070261877, 0.091255175, 0.085183518, 0.088562293, 0.087531224, 0.092797346, 0.102615019, 0.073342935, 0.076475546, 0.103783588, 0.086595989, 0.120673601, 0.083258976, 0.088719101, 0.07771438, 0.086569927, 0.081635725, 0.081337103, 0.063112005, 0.091397473, 0.09769511, 0.092421968, 0.088614332, 0.114025808, 0.064007104, 0.089420406, 0.119259186, 0.085377061, 0.098381836, 0.069194047, 0.098505313, 0.093135398, 0.073900646, 0.119029367, 0.104216295, 0.085116289, 0.062753598, 0.102978879, 0.107709613, 0.10616696, 0.063770048, 0.099684549, 0.137885722, 0.097118594, 0.111937797, 0.09818768, 0.112289006, 0.113261787, 0.108212633, 0.093752043, 0.103470675, 0.090017701, 0.114058228, 0.133933568, 0.109976224, 0.095449916, 0.107087739, 0.073799488, 0.093154681, 0.095928631, 0.079192217, 0.11714955, 0.106752625, 0.108835692, 0.113039047, 0.090106978, 0.103835873, 0.102122744, 0.073308882, 0.101147463, 0.115266827, 0.084210861, 0.102411792, 0.140593718, 0.100258608, 0.102934286, 0.114913174, 0.095153701, 0.077677495, 0.114122237, 0.110607346, 0.097402907, 0.096612378, 0.09670741, 0.112231256, 0.08335368, 0.09400111, 0.155981129, 0.100341075, 0.120206631, 0.109281231, 0.127954746, 0.107249277, 0.102403966, 0.08243621, 0.096669483, 0.133163605, 0.106078081, 0.101007885, 0.130735323, 0.157885791, 0.184125926, 0.143812649, 0.157451832, 0.107958678, 0.157292555, 0.105256209, 0.108817898, 0.124740189, 0.099641339, 0.110220535, 0.097369902, 0.114770809, 0.137768114, 0.073051605, 0.110341601, 0.122696386, 0.107413433, 0.107102696, 0.097494302, 0.113033072, 0.116488155, 0.108437053, 0.118324969, 0.103997629, 0.102993143, 0.128334616, 0.108743188, 0.106741528, 0.102952374, 0.071670118, 0.111355662, 0.115431126, 0.103692486, 0.122362337, 0.112411593, 0.097448848, 0.101618417, 0.121075984, 0.120594873, 0.111554676, 0.112767119, 0.098312842, 0.141294625, 0.081004752, 0.090076748, 0.121763735, 0.131322981, 0.07846806, 0.124904906, 0.082444802, 0.112875139, 0.098775713, 0.094117836, 0.101154059, 0.098429417, 0.122772638, 0.082366035, 0.112494554, 0.105135134, 0.097527611, 0.073675436, 0.099067233, 0.119610446, 0.088609421, 0.104546274, 0.095256936, 0.113154699, 0.109113141, 0.098319911, 0.157816535, 0.140172851, 0.14294716, 0.096108767, 0.082841871, 0.083080612, 0.087670467, 0.110502332, 0.110944344, 0.108453699, 0.113910194, 0.114078315, 0.100143366, 0.1272441, 0.083351273, 0.094019566, 0.102914098, 0.119181516, 0.097647063, 0.071578431, 0.122974792, 0.067332679, 0.086304736, 0.11350146, 0.068253225, 0.085814591, 0.117087752, 0.110803871, 0.09573138, 0.095322831, 0.096923916, 0.09945571, 0.108115814, 0.141001569, 0.073757017, 0.110027928, 0.10850654, 0.123190245, 0.111656488, 0.095730871, 0.143266989, 0.117308685, 0.096095026, 0.089068822, 0.115600407, 0.085278325, 0.110864687, 0.104488695, 0.100219843, 0.107448468, 0.104565057, 0.073560502, 0.082620208, 0.103405302, 0.078696933, 0.086441514, 0.071057867, 0.110703062, 0.132097973, 0.164015506, 0.12665862, 0.111814422, 0.099602957, 0.11709177, 0.101137482, 0.092464685, 0.098123613, 0.095601067, 0.104008312, 0.118329154, 0.145861423, 0.166831652, 0.147643933, 0.16817399, 0.129631793, 0.127040353, 0.102787562, 0.104864168, 0.080975248, 0.076946942, 0.092259032, 0.100759754, 0.112188032, 0.125468827, 0.156983499, 0.155566078, 0.162830151, 0.142186357, 0.101479214, 0.147879224, 0.12780699, 0.107039718, 0.106958866, 0.134117798, 0.138325648, 0.112309503, 0.092906477, 0.09886487, 0.089112709, 0.105821978, 0.104084278, 0.111107732, 0.148044734, 0.111188329, 0.119099087, 0.098263574, 0.11460077, 0.128902817, 0.128694895, 0.103475279, 0.073518215, 0.075758044, 0.09584101, 0.102380166, 0.107176576, 0.10947575, 0.112538426, 0.081718849, 0.116632908, 0.13957594, 0.093163484, 0.118072452, 0.087731405, 0.108875466, 0.085718073, 0.107744295, 0.114811452, 0.116983713, 0.083563462, 0.153351399, 0.104610377, 0.126025625, 0.09743833, 0.111765233, 0.105863038, 0.11844956, 0.099747727, 0.111260188, 0.07660456, 0.085941172, 0.108459881, 0.130671548, 0.107783788, 0.104101044, 0.109077034, 0.116880356, 0.0752405, 0.176591414, 0.107799752, 0.104062998, 0.176617423, 0.143603201, 0.117613257, 0.128207749, 0.140892314, 0.167736484, 0.153904497, 0.092388654, 0.092866185, 0.086719507, 0.079770229, 0.066189569, 0.121695376, 0.110209187, 0.09791167, 0.099446574, 0.092897503, 0.076458031, 0.10474921, 0.101844763, 0.074625553, 0.111513132, 0.114143151, 0.102592387, 0.098791583, 0.08135881, 0.111311961, 0.09516777, 0.120661652, 0.106046493, 0.107745542, 0.125735144, 0.109753938, 0.07057541, 0.095920645, 0.100840077, 0.110602291, 0.107275166, 0.081018707, 0.13094835, 0.06204139]","[0.000196356, 0.000215617, 0.000219133, 0.000214409, 0.000213743, 0.000217509, 0.000183484, 0.000183507, 0.000186891, 0.000184771, 0.000184193, 0.000183665, 0.000187775, 0.000188119, 0.000186722, 0.000184921, 0.000196066, 0.000185307, 0.000185148, 0.000184437, 0.000204997, 0.000186075, 0.000185672, 0.000185701, 0.000183978, 0.000188007, 0.000186313, 0.000189087, 0.000186809, 0.000186212, 0.000190056, 0.000184376, 0.00018328, 0.000182497, 0.000202737, 0.000184351, 0.000188068, 0.000182489, 0.00021534, 0.000212646, 0.00021588, 0.000267234, 0.00021626, 0.000214988, 0.000202618, 0.000219053, 0.00021787, 0.000220411, 0.000217654, 0.00018591, 0.000188918, 0.00018514, 0.000212564, 0.00021207, 0.000214384, 0.000214051, 0.000214651, 0.000208389, 0.000216954, 0.000208161, 0.000228795, 0.000210438, 0.000214272, 0.000211442, 0.000214494, 0.000209799, 0.000213513, 0.000208963, 0.000216684, 0.000215699, 0.000182653, 0.000185259, 0.000188368, 0.000184562, 0.00018779, 0.000189362, 0.000202413, 0.000186862, 0.000185159, 0.000188649, 0.000186171, 0.000183632, 0.000185387, 0.000188579, 0.000189313, 0.000185471, 0.000185573, 0.000187905, 0.000186492, 0.000186583, 0.000181952, 0.000187377, 0.000187577, 0.000184689, 0.000184607, 0.000182704, 0.000185931, 0.000182729, 0.000187697, 0.000183818, 0.000189385, 0.000185887, 0.000186691, 0.000204286, 0.000185522, 0.000183986, 0.000182341, 0.000183655, 0.000185566, 0.000188834, 0.000189134, 0.000186609, 0.000190176, 0.00018564, 0.000187189, 0.000183605, 0.000187602, 0.000185027, 0.000189697, 0.000188857, 0.000186271, 0.000188478, 0.000188286, 0.000184398, 0.000182624, 0.000185109, 0.000185256, 0.000185969, 0.000180847, 0.000194454, 0.000216553, 0.000187982, 0.000182997, 0.00021268, 0.000195336, 0.000185018, 0.000185242, 0.000186567, 0.000186045, 0.000186032, 0.000186292, 0.000211404, 0.000190653, 0.000183282, 0.000188969, 0.000187138, 0.00018806, 0.000190406, 0.000188408, 0.000207476, 0.000184644, 0.000188992, 0.000182077, 0.000214364, 0.000180767, 0.000187762, 0.000187982, 0.000186273, 0.000188005, 0.000187347, 0.000188952, 0.000184182, 0.000189178, 0.000185279, 0.000185929, 0.000184227, 0.000189183, 0.000190246, 0.000187239, 0.000187184, 0.000191604, 0.000186695, 0.000185518, 0.000184792, 0.000187634, 0.000197559, 0.000183294, 0.000195376, 0.000188016, 0.000184889, 0.000185507, 0.000186037, 0.000189967, 0.000188241, 0.000183431, 0.000187005, 0.000187901, 0.000187231, 0.000186309, 0.000192224, 0.000184478, 0.000219342, 0.000186001, 0.000184624, 0.000190564, 0.000187448, 0.000183577, 0.000184429, 0.000183767, 0.000188834, 0.000185338, 0.00018327, 0.000187204, 0.00018798, 0.000186237, 0.000218103, 0.000192156, 0.000189675, 0.000187239, 0.000185904, 0.000188422, 0.000188205, 0.000190897, 0.000183646, 0.000182727, 0.000188078, 0.000189701, 0.000192355, 0.000188971, 0.000184708, 0.000185056, 0.000189218, 0.000185847, 0.000188764, 0.000189241, 0.000185065, 0.000185667, 0.000202318, 0.00018875, 0.000184891, 0.000190667, 0.000186881, 0.000184507, 0.00018733, 0.00018302, 0.000184307, 0.000180331, 0.000179322, 0.000186975, 0.000186887, 0.000216205, 0.000215701, 0.000179886, 0.000187047, 0.000181649, 0.000221738, 0.000200405, 0.000209254, 0.000216292, 0.000209764, 0.000215977, 0.000212113, 0.000211162, 0.000209524, 0.000238045, 0.000212813, 0.000213235, 0.000208843, 0.000213689, 0.000211294, 0.000209691, 0.000196443, 0.000209323, 0.000210028, 0.000212642, 0.000211748, 0.000211583, 0.00021837, 0.000216035, 0.000211668, 0.000201909, 0.000213823, 0.000199219, 0.000213935, 0.000200044, 0.000213701, 0.000207341, 0.000229495, 0.000206343, 0.00020051, 0.000196599, 0.000222878, 0.00021676, 0.000224856, 0.000214252, 0.000213013, 0.000214819, 0.000188146, 0.000184674, 0.000207181, 0.000184254, 0.000184087, 0.000189258, 0.000183223, 0.000189638, 0.000184948, 0.000184611, 0.000188144, 0.000185937, 0.000185389, 0.000180573, 0.000187659, 0.00018683, 0.000184906, 0.000186461, 0.000183307, 0.000188001, 0.000184474, 0.000185299, 0.000185543, 0.000213452, 0.000181535, 0.000186838, 0.000182333, 0.000184132, 0.00018613, 0.000185406, 0.00018511, 0.000185073, 0.000183493, 0.000184505, 0.000204647, 0.000185416, 0.000189131, 0.000182573, 0.000189498, 0.000187258, 0.000185016, 0.000208514, 0.000183613, 0.000184567, 0.000184073, 0.000186103, 0.000184233, 0.000181219, 0.000196821, 0.00021846, 0.000201135, 0.000196694, 0.000202021, 0.000220325, 0.000215855, 0.000194953, 0.000205067, 0.000215283, 0.000198481, 0.000203192, 0.000199074, 0.000215781, 0.000182075, 0.000184493, 0.000187338, 0.000182765, 0.00018328, 0.000186761, 0.000183326, 0.000180805, 0.000200065, 0.000181461, 0.000187104, 0.00018599, 0.000185317, 0.000186853, 0.000186391, 0.00018598, 0.000188961, 0.000185651, 0.000181202, 0.00018872, 0.000192594, 0.000185374, 0.000187267, 0.0001844, 0.000188022, 0.00018799, 0.000218129, 0.000219432, 0.00020136, 0.000212488, 0.0001814, 0.000191277, 0.000183383, 0.00018625, 0.00018376, 0.000188655, 0.000182807, 0.000186858, 0.000181888, 0.000185659, 0.000183173, 0.000186806, 0.000192781, 0.000203517, 0.000188326, 0.000194384, 0.000186897, 0.000188969, 0.000187387, 0.000197799, 0.00019239, 0.000194186, 0.000214883, 0.000219633, 0.000187366, 0.000191256, 0.000199687, 0.000199941, 0.0002034, 0.000203542, 0.000199141, 0.000199677, 0.000195019, 0.000200968, 0.000197706, 0.000206604, 0.000201004, 0.000202147, 0.000196572, 0.000198723, 0.000200746, 0.000197736, 0.00019936, 0.000198316, 0.000195224, 0.000201365, 0.000207625, 0.000200753, 0.00020147, 0.000201525, 0.00019989, 0.000200402, 0.000199726, 0.000201304, 0.000196823, 0.000197779, 0.000195304, 0.00019988, 0.000197702, 0.000200124, 0.000206428, 0.000203792, 0.000196681, 0.000200843, 0.000197924, 0.000199348, 0.000201384, 0.000197552, 0.000197932, 0.000199844, 0.000197757, 0.000199261, 0.000196192, 0.000197314, 0.000195688, 0.00020009, 0.000196967, 0.000198871, 0.000234309, 0.000199004, 0.000201112, 0.000203578, 0.000201928, 0.000201291, 0.000200596, 0.00019635, 0.000200029, 0.000194832, 0.000200407, 0.000199242, 0.000198856, 0.000198312, 0.000198797, 0.00019869, 0.0001992, 0.000199278, 0.000198926, 0.000201588, 0.00019822, 0.000198624, 0.000204978, 0.000200928, 0.000205712, 0.000199101, 0.000197618, 0.000203907, 0.000200383, 0.000201847, 0.0002007, 0.000203765, 0.000202875, 0.00020467, 0.000205655, 0.000200867, 0.000197553, 0.000199113, 0.000197367, 0.000195055, 0.000197126, 0.000229912, 0.000200369, 0.000199055, 0.000196108, 0.000197694, 0.000199721, 0.000200671, 0.00019723, 0.000197622, 0.000199173, 0.000198909, 0.000197335, 0.000203913, 0.0001957, 0.000199137, 0.000198085, 0.000197941, 0.000201675, 0.000218983, 0.000218015, 0.000200865, 0.000219043, 0.000217169, 0.000199128, 0.000241899, 0.000213627, 0.000213199, 0.00018087, 0.000181845, 0.000212192, 0.000182604, 0.000183607, 0.000181265, 0.000180559, 0.000188387, 0.000184587, 0.000186033, 0.000181666, 0.000187068, 0.000184406, 0.000182554, 0.000184494, 0.000184064, 0.000180868, 0.000184926, 0.000185068, 0.000183077, 0.000184661, 0.000183672, 0.000185938, 0.000185911, 0.000185341, 0.000190937, 0.000186353, 0.000182858, 0.000183111, 0.000199664, 0.000195605, 0.000198481, 0.000198457, 0.000199763, 0.000199125, 0.00019826, 0.000196495, 0.000198025, 0.000198093, 0.000200154, 0.000200124, 0.00019768, 0.000203335, 0.000197748, 0.000201682, 0.000205867, 0.000215152, 0.00019809, 0.000195722, 0.000201037, 0.000199092, 0.000196437, 0.000201729, 0.000203622, 0.000201597, 0.000199217, 0.000198388, 0.000196852, 0.000195428, 0.000203697, 0.000200466, 0.000205149, 0.000201742, 0.000196888, 0.000211205, 0.000214003, 0.00021511, 0.000178267, 0.000186129, 0.000182005, 0.000187754, 0.000183632, 0.000186931, 0.000181362, 0.000183402, 0.000185564, 0.000181037, 0.000183476, 0.00021087, 0.000209868, 0.000214787, 0.000209226, 0.000208952, 0.000196806, 0.000212106, 0.000190693, 0.000184727, 0.000184301, 0.000183727, 0.000188381, 0.00018872, 0.000184879, 0.000186284, 0.000188929, 0.00018574, 0.000182689, 0.00018637, 0.00018416, 0.000182681, 0.000182058, 0.000181717, 0.000185121, 0.000186738, 0.000187688, 0.000183298, 0.00018251, 0.000183771, 0.000183495, 0.000181638, 0.000180303, 0.000184621, 0.000179968, 0.000183457, 0.0001824, 0.00018549, 0.000212495, 0.000184425, 0.000185339, 0.000181092, 0.000185931, 0.000188146, 0.000186664, 0.000181725, 0.00018586, 0.000178015, 0.000185096, 0.000182585, 0.000188893, 0.000207777, 0.000186045, 0.0002143, 0.000183847, 0.000180417, 0.000184134, 0.000181989, 0.000184594, 0.000217604, 0.000218657, 0.000220176, 0.000197985, 0.000219259, 0.000216669, 0.000213673, 0.000215119, 0.000215606, 0.000183111, 0.000188325, 0.00021425, 0.000186001, 0.000181449, 0.000181837, 0.000187628, 0.000182742, 0.000187452, 0.000187098, 0.000180083, 0.000182073, 0.000180181, 0.000184773, 0.000184796, 0.000184052, 0.000186316, 0.000183564, 0.000185402, 0.000184351, 0.000183588, 0.000183214, 0.000185549, 0.000211492, 0.000184436, 0.000186799, 0.000186931, 0.000185815, 0.000189939, 0.000187233, 0.000183457, 0.000194386, 0.000185347, 0.000186824, 0.000185283, 0.000185883, 0.000191471, 0.000181855, 0.000182263, 0.000180312, 0.000185024, 0.000184246, 0.000183219, 0.0001879, 0.0001867, 0.000185989, 0.000183191, 0.000188562, 0.000182121, 0.000185752, 0.000182027, 0.000181642, 0.000192134, 0.000212876, 0.000186393, 0.000185473, 0.000182557, 0.000185188, 0.000187866, 0.000210031, 0.000211264, 0.000213986, 0.000215956, 0.000212484, 0.000209014, 0.000229531, 0.000217309, 0.000209035, 0.000210149, 0.000207514, 0.0001982, 0.000187558, 0.000184529, 0.000184665, 0.000204729, 0.00018772, 0.000186368, 0.000185781, 0.000183434, 0.000181727, 0.000225768, 0.000179696, 0.000184195, 0.000187885, 0.000184556, 0.00018521, 0.000187583, 0.000186615, 0.000188612, 0.000185524, 0.000189706, 0.000183988, 0.000212733, 0.000215439, 0.000213119, 0.000207672, 0.00020867, 0.000182615, 0.000184112, 0.000186387, 0.000187684, 0.00018767, 0.000212155, 0.00020751, 0.000184522, 0.000182505, 0.000183558, 0.000186467, 0.000181568, 0.000183897, 0.000184731, 0.000184662, 0.000182693, 0.000180204, 0.000186986, 0.000183628, 0.000182609, 0.000185104, 0.000185739, 0.000188136, 0.000187746, 0.000186193, 0.00017775, 0.000180837, 0.000183149, 0.000182144, 0.000184352, 0.000189636, 0.000215057, 0.000209907, 0.000222076, 0.00026087, 0.000182417, 0.000185765, 0.000188209, 0.000186014, 0.000188555, 0.000191753, 0.000185419, 0.000191203, 0.000190349, 0.000189461, 0.00018809, 0.000186237, 0.000186451, 0.000186876, 0.000207442, 0.000185681, 0.000212908, 0.000186344, 0.000186335, 0.000184571, 0.000184953, 0.00018883, 0.000188853, 0.000191116, 0.000182218, 0.000188402, 0.000183069, 0.000183062, 0.000183123, 0.000183328, 0.000186125, 0.000184233, 0.000186124, 0.00018216, 0.000181988, 0.000185697, 0.000178322, 0.000184535, 0.000183064, 0.000184582, 0.000184263, 0.000180552, 0.00018152, 0.000188148, 0.000185514, 0.000187402, 0.000184854, 0.000181936, 0.000185314, 0.000183099, 0.000182048, 0.00018205, 0.000181024, 0.000182937, 0.000184406, 0.000189346, 0.000186554, 0.0001903, 0.000183761, 0.000183309, 0.000187636, 0.000186195, 0.00018557, 0.000186222, 0.000207246, 0.000185503, 0.000184015, 0.000186549, 0.000184307, 0.000183179, 0.000183377, 0.000183914, 0.000183238, 0.000183448, 0.00018255, 0.000185298, 0.000182773, 0.000182843, 0.000183534, 0.000183012, 0.000187501, 0.000185052, 0.000186208, 0.000184537, 0.00019076, 0.000184102, 0.00018183, 0.000182177, 0.000185473, 0.000182119, 0.00018259, 0.000180337, 0.00018948, 0.000183368, 0.00018103, 0.000181537, 0.000181196, 0.000183024, 0.000182356, 0.000181729, 0.000182261, 0.000185811, 0.00018468, 0.000183731, 0.000183792, 0.000183326, 0.000180057, 0.000184738, 0.000182723, 0.000183379, 0.000182275, 0.000186511, 0.000180166, 0.000181672, 0.000179706, 0.000188159, 0.000179668, 0.00018298, 0.000183742, 0.000218669, 0.000181396, 0.000184598, 0.000181134, 0.00017925, 0.000178955, 0.000185081, 0.000186573, 0.000182121, 0.000184963, 0.000186564, 0.000188973, 0.000189001, 0.000184277, 0.00018336, 0.000182799, 0.000185589, 0.000206219, 0.000196557, 0.000197902, 0.000200622, 0.000198584, 0.000198781, 0.000198504, 0.000194344, 0.000197105, 0.000196044, 0.000196498, 0.000194893, 0.000197772, 0.000198409, 0.000197489, 0.000274582, 0.000202124, 0.000202119, 0.000195059, 0.000201345, 0.000197973, 0.000200624, 0.000196599, 0.000244614, 0.000203852, 0.000197907, 0.000196413, 0.000199139, 0.000210659, 0.000195671, 0.000194637, 0.000410715, 0.000193954, 0.000194814, 0.000197546, 0.000197028, 0.000193431, 0.000208337, 0.000197055, 0.000201299, 0.000194144, 0.000203334, 0.000198002, 0.000196933, 0.000200763, 0.000198141, 0.000200537, 0.000199934, 0.000195654, 0.000193137, 0.000196225, 0.000196814, 0.000199065, 0.00020259, 0.000200405, 0.000237005, 0.000200885, 0.000191517, 0.000199479, 0.00019935, 0.000198791, 0.000194523, 0.000199831, 0.000195412, 0.00019962, 0.000201441, 0.000196576, 0.000199186, 0.000196794, 0.000197254, 0.000197175, 0.00019362, 0.000198901, 0.000194595, 0.000198044, 0.000191971, 0.000196918, 0.000215781, 0.000198525, 0.000195631, 0.000198112, 0.000197601, 0.000199034, 0.00019645, 0.000199047, 0.000194901, 0.000196865, 0.000196994, 0.000199439, 0.000196622, 0.000202826, 0.000198964, 0.000236383, 0.000194285, 0.000198874, 0.000197089, 0.000199757, 0.000196968, 0.000201582, 0.000196725, 0.000198147, 0.000196814, 0.000202953, 0.000195198, 0.000200122, 0.000196321, 0.000210704, 0.000209695, 0.000219323, 0.000184383, 0.000183655, 0.000182026, 0.000214528, 0.000179622, 0.000182786, 0.00017955, 0.000182381, 0.000184039, 0.000183772, 0.000183231, 0.000177988, 0.000181077, 0.000184096, 0.000183845, 0.000182879, 0.000185627, 0.000183092, 0.00018359, 0.000183514, 0.000179465, 0.000185737, 0.000180482, 0.000185819, 0.000181903, 0.000185785, 0.000182955, 0.000185771, 0.000183358, 0.000184475, 0.000189855, 0.000180955, 0.000185742, 0.000183457, 0.000186461, 0.000213368, 0.00021145, 0.000240002, 0.000211976, 0.000209758, 0.000217332, 0.000211881, 0.000215256, 0.000179291, 0.000178786, 0.000187887, 0.000179929, 0.000180948, 0.000181921, 0.000183352, 0.000182482, 0.000180367, 0.000179949, 0.00018174, 0.000183636, 0.000184434, 0.000180959, 0.000182096, 0.000183381, 0.000212779, 0.000184223, 0.000181653, 0.000187726, 0.000196958, 0.000188298, 0.000180507, 0.000182755, 0.000180875, 0.000184778, 0.000183305, 0.000182151, 0.000183849, 0.000185915, 0.00018409, 0.000182168, 0.000180881, 0.000181689, 0.000189855, 0.000184626, 0.000182896, 0.000194538, 0.00018514, 0.00018293, 0.000211891, 0.000184273, 0.000186461, 0.000183792, 0.000183503, 0.000185725, 0.000184957, 0.000184701, 0.000192083, 0.000187018, 0.000184104, 0.000183541, 0.000181982, 0.000184858, 0.000186005, 0.000184442, 0.000182548, 0.000185896, 0.000180881, 0.000182138, 0.000180681, 0.000180923, 0.000184708, 0.000183284, 0.00018438, 0.000187521, 0.000183609, 0.00017824, 0.000194135, 0.000180752, 0.000186564, 0.00018167, 0.000186275, 0.000182548, 0.000186024, 0.000183016, 0.000179908, 0.000184598, 0.000183686, 0.000182974, 0.000183046, 0.000184013, 0.000184126, 0.000184191, 0.000190914, 0.000185084, 0.00017932, 0.000181444, 0.000180197, 0.000183866, 0.000188982, 0.000183491, 0.000190267, 0.00018208, 0.000183433, 0.000179959, 0.000181634, 0.00017892, 0.00018429, 0.000195091, 0.00017997, 0.000181986, 0.00018397, 0.000187155, 0.000181308, 0.000184587, 0.000181331, 0.000182545, 0.000194501, 0.000183212, 0.000180983, 0.000185252, 0.000199553, 0.000192912, 0.000201742, 0.00020073, 0.000198215, 0.00019893, 0.000197972, 0.000196336, 0.000194407, 0.000199652, 0.000201264, 0.000196534, 0.0002014, 0.000217591, 0.000196308, 0.000196271, 0.000198523, 0.000193905, 0.000197, 0.000198605, 0.000199819, 0.000191823, 0.000195802, 0.000193818, 0.000189113, 0.000194057, 0.000195595, 0.000200167, 0.000197525, 0.000200913, 0.000196106, 0.000195386, 0.000191028, 0.000193163, 0.000204421, 0.000194118, 0.000198551, 0.000198127, 0.000194561, 0.000195443, 0.000197418, 0.000197377, 0.000196671, 0.000195871, 0.000195758, 0.000197063, 0.00019742, 0.000194886, 0.000198799, 0.000193945, 0.000195467, 0.000214961, 0.000200905, 0.000202019, 0.000204577, 0.000207653, 0.0001992, 0.00019589, 0.000223698, 0.000224625, 0.000222816, 0.00022023, 0.000222466, 0.000220943, 0.00019559, 0.000191595, 0.000199392, 0.000199601, 0.000195456, 0.000201521, 0.000199072, 0.000195795, 0.000198181, 0.000193439, 0.000200133, 0.000194952, 0.000196443, 0.000197164, 0.000200641, 0.000198304, 0.000221683, 0.000199643, 0.00019484, 0.000198356, 0.000194949, 0.000199592, 0.000198886, 0.000198002, 0.00019754, 0.000202687, 0.000201247, 0.00019227, 0.000195962, 0.000195025, 0.000194182, 0.000199673, 0.000200069, 0.000199358, 0.000198323, 0.000195093, 0.000202196, 0.00019445, 0.000199493, 0.000222061, 0.000200263, 0.000201683, 0.000197034, 0.000197363, 0.000199612, 0.000197112, 0.000191426, 0.000197502, 0.000195241, 0.000197945, 0.000238385, 0.000195297, 0.000200672, 0.000193323, 0.000194886, 0.000195659, 0.00019732, 0.000193827, 0.000199322, 0.000191912, 0.000197968, 0.000195084, 0.000197147, 0.000195968, 0.000202922, 0.000231757, 0.00022922, 0.000224662, 0.000195886, 0.000197981, 0.000198943, 0.000197839, 0.000195747, 0.000206508, 0.000193599, 0.000196005, 0.000199205, 0.00019518, 0.000198458, 0.000197992, 0.000215285, 0.000199985, 0.000194674, 0.000192975, 0.000196306, 0.000191865, 0.000198894, 0.00019769, 0.000200696, 0.000194007, 0.000196958, 0.00019908, 0.000196329, 0.00019874, 0.000198871, 0.000199996, 0.000196806, 0.000192675, 0.000196654, 0.000200822, 0.000193038, 0.000195352, 0.000195739, 0.000197462, 0.000198213, 0.000195391, 0.000199299, 0.00019611, 0.000199321, 0.000221949, 0.000197464, 0.000197082, 0.000197342, 0.000197456, 0.000200991, 0.000200305, 0.000195331, 0.000201285, 0.000198118, 0.000196567, 0.000197251, 0.000197618, 0.000196936, 0.000194988, 0.000199624, 0.000224141, 0.000204766, 0.000198174, 0.000202312, 0.000211817, 0.000200658, 0.000202991, 0.000199826, 0.000200055, 0.000227059, 0.000247901, 0.000228628, 0.000255879, 0.000224721, 0.000193629, 0.000200209, 0.000198635, 0.000200238, 0.000197808, 0.000199932, 0.000196607, 0.000201244, 0.000196413, 0.000231142, 0.000223561, 0.00022704, 0.000221765, 0.000223654, 0.00022794, 0.000225038, 0.000200166, 0.000205254, 0.000199426, 0.00020698, 0.000200263, 0.000201387, 0.000199021, 0.000201665, 0.000201291, 0.000199989, 0.000198553, 0.000196359, 0.000203673, 0.00019815, 0.00020197, 0.00019888, 0.000198998, 0.000204531, 0.000200445, 0.000194262, 0.000199396, 0.000202184, 0.000198483, 0.000199964, 0.000199696, 0.00019859, 0.000198966, 0.000201631, 0.000196473, 0.000198388, 0.000199558, 0.000204892, 0.000201949, 0.00020261, 0.000200981, 0.000203803, 0.000249146, 0.000197266, 0.000198156, 0.000198947, 0.000199274, 0.000205282, 0.000199924, 0.00019658, 0.00019862, 0.000196719, 0.000197249, 0.000201145, 0.000219293, 0.000196684, 0.000202524, 0.000196536, 0.000198044, 0.000195711, 0.000202934, 0.000200291, 0.000229888, 0.000229377, 0.000226093, 0.000229822, 0.000226274, 0.000228846, 0.000226755, 0.000228647, 0.000224008, 0.00023898, 0.000200603, 0.000201027, 0.000196354, 0.00020193, 0.00019711, 0.000200234, 0.000197431, 0.000197146, 0.000197924, 0.00019993, 0.000198987, 0.000199325, 0.000198633, 0.000218654, 0.000196247, 0.000200263, 0.000198953, 0.000199506, 0.000201179, 0.000201084, 0.000201803, 0.000199626, 0.000203, 0.00020061, 0.000199287, 0.000206955, 0.000193104, 0.000197876, 0.000197414, 0.000198502, 0.000201148, 0.000196105, 0.000199317, 0.000204771]"
SoF,2662,2040,549,622,"[array([25], dtype=int32), array([25], dtype=int32), array([25], dtype=int32), array([25], dtype=int32), array([25], dtype=int32), array([25], dtype=int32), array([25], dtype=int32), array([25], dtype=int32), array([25], dtype=int32), array([25], dtype=int32), array([25], dtype=int32), array([25], dtype=int32), array([25], dtype=int32), array([25], dtype=int32), array([25], dtype=int32), array([25], dtype=int32), array([25], dtype=int32), array([25], dtype=int32), array([25], dtype=int32), array([25], dtype=int32), array([25], dtype=int32), array([25], dtype=int32), array([25], dtype=int32), array([25], dtype=int32), array([25], dtype=int32), array([25], dtype=int32), array([25], dtype=int32), array([25], dtype=int32), array([25], dtype=int32), array([25], dtype=int32), array([25], dtype=int32), array([25], dtype=int32), array([25], dtype=int32), array([25], dtype=int32), array([25], dtype=int32), array([25], dtype=int32), array([25], dtype=int32), array([25], dtype=int32), array([25], dtype=int32), array([25], dtype=int32), array([25], dtype=int32), array([25], dtype=int32), array([25], dtype=int32), array([25], dtype=int32), array([25], dtype=int32), array([25], dtype=int32), array([25], dtype=int32), array([25], dtype=int32), array([25], dtype=int32), array([25], dtype=int32), array([25], dtype=int32), array([25], dtype=int32), array([25], dtype=int32), array([25], dtype=int32), array([25], dtype=int32), array([25], dtype=int32), array([25], dtype=int32), array([25], dtype=int32), array([25], dtype=int32), array([25], dtype=int32), array([25], dtype=int32), array([25], dtype=int32), array([25], dtype=int32), array([25], dtype=int32), array([25], dtype=int32), array([25], dtype=int32), array([25], dtype=int32), array([25], dtype=int32), array([25], dtype=int32), array([25], dtype=int32), array([25], dtype=int32), array([25], dtype=int32), array([25], dtype=int32), array([25], dtype=int32), array([25], dtype=int32), array([25], dtype=int32), array([25], dtype=int32), array([25], dtype=int32), array([25], dtype=int32), array([25], dtype=int32), array([25], dtype=int32), array([25], dtype=int32), array([25], dtype=int32), array([25], dtype=int32), array([25], dtype=int32), array([25], dtype=int32), array([25], dtype=int32), array([25], dtype=int32), array([25], dtype=int32), array([25], dtype=int32), array([25], dtype=int32), array([25], dtype=int32), array([25], dtype=int32), array([25], dtype=int32), array([25], dtype=int32), array([25], dtype=int32), array([25], dtype=int32), array([25], dtype=int32), array([25], dtype=int32), array([25], dtype=int32), array([25], dtype=int32), array([25], dtype=int32), array([25], dtype=int32), array([25], dtype=int32), array([25], dtype=int32), array([25], dtype=int32), array([25], dtype=int32), array([25], dtype=int32), array([25], dtype=int32), array([25], dtype=int32), array([25], dtype=int32), array([25], dtype=int32), array([25], dtype=int32), array([25], dtype=int32), array([25], dtype=int32), array([25], dtype=int32), array([25], dtype=int32), array([25], dtype=int32), array([25], dtype=int32), array([25], dtype=int32), array([25], dtype=int32), array([25], dtype=int32), array([25], dtype=int32), array([25], dtype=int32), array([25], dtype=int32), array([25], dtype=int32), array([25], dtype=int32), array([25], dtype=int32), array([25], dtype=int32), array([25], dtype=int32), array([25], dtype=int32), array([25], dtype=int32), array([25], dtype=int32), array([25], dtype=int32), array([25], dtype=int32), array([25], dtype=int32), array([25], dtype=int32), array([25], dtype=int32), array([25], dtype=int32), array([25], dtype=int32), array([25], dtype=int32), array([25], dtype=int32), array([25], dtype=int32), array([25], dtype=int32), array([25], dtype=int32), array([25], dtype=int32), array([25], dtype=int32), array([25], dtype=int32), array([25], dtype=int32), array([25], dtype=int32), array([25], dtype=int32), array([25], dtype=int32), array([25], dtype=int32), array([25], dtype=int32), array([25], dtype=int32), array([25], dtype=int32), array([25], dtype=int32), array([25], dtype=int32), array([25], dtype=int32), array([25], dtype=int32), array([25], dtype=int32), array([25], dtype=int32), array([25], dtype=int32), array([25], dtype=int32), array([25], dtype=int32), array([25], dtype=int32), array([25], dtype=int32), array([25], dtype=int32), array([25], dtype=int32), array([25], dtype=int32), array([25], dtype=int32), array([25], dtype=int32), array([25], dtype=int32), array([25], dtype=int32), array([25], dtype=int32), array([25], dtype=int32), array([25], dtype=int32), array([25], dtype=int32), array([25], dtype=int32), array([25], dtype=int32), array([25], dtype=int32), array([25], dtype=int32), array([25], dtype=int32), array([25], dtype=int32), array([25], dtype=int32), array([25], dtype=int32), array([25], dtype=int32), array([25], dtype=int32), array([25], dtype=int32), array([25], dtype=int32), array([25], dtype=int32), array([25], dtype=int32), array([25], dtype=int32), array([25], dtype=int32), array([25], dtype=int32), array([25], dtype=int32), array([25], dtype=int32), array([25], dtype=int32), array([25], dtype=int32), array([25], dtype=int32), array([25], dtype=int32), array([25], dtype=int32), array([25], dtype=int32), array([25], dtype=int32), array([25], dtype=int32), array([25], dtype=int32), array([25], dtype=int32), array([25], dtype=int32), array([25], dtype=int32), array([25], dtype=int32), array([25], dtype=int32), array([25], dtype=int32), array([25], dtype=int32), array([25], dtype=int32), array([25], dtype=int32), array([25], dtype=int32), array([25], dtype=int32), array([25], dtype=int32), array([25], dtype=int32), array([25], dtype=int32), array([25], dtype=int32), array([25], dtype=int32), array([25], dtype=int32), array([25], dtype=int32), array([25], dtype=int32), array([25], dtype=int32), array([25], dtype=int32), array([25], dtype=int32), array([25], dtype=int32), array([25], dtype=int32), array([25], dtype=int32), array([25], dtype=int32), array([25], dtype=int32), array([25], dtype=int32), array([25], dtype=int32), array([25], dtype=int32), array([25], dtype=int32), array([25], dtype=int32), array([25], dtype=int32), array([25], dtype=int32), array([25], dtype=int32), array([25], dtype=int32), array([25], dtype=int32), array([25], dtype=int32), array([25], dtype=int32), array([25], dtype=int32), array([25], dtype=int32), array([25], dtype=int32), array([25], dtype=int32), array([25], dtype=int32), array([25], dtype=int32), array([25], dtype=int32), array([25], dtype=int32), array([25], dtype=int32), array([25], dtype=int32), array([25], dtype=int32), array([25], dtype=int32), array([25], dtype=int32), array([25], dtype=int32), array([25], dtype=int32), array([25], dtype=int32), array([25], dtype=int32), array([25], dtype=int32), array([25], dtype=int32), array([25], dtype=int32), array([25], dtype=int32), array([25], dtype=int32), array([25], dtype=int32), array([25], dtype=int32), array([25], dtype=int32), array([25], dtype=int32), array([25], dtype=int32), array([25], dtype=int32), array([25], dtype=int32), array([25], dtype=int32), array([25], dtype=int32), array([25], dtype=int32), array([25], dtype=int32), array([25], dtype=int32), array([25], dtype=int32), array([25], dtype=int32), array([25], dtype=int32), array([25], dtype=int32), array([25], dtype=int32), array([25], dtype=int32), array([25], dtype=int32), array([25], dtype=int32), array([25], dtype=int32), array([25], dtype=int32), array([25], dtype=int32), array([25], dtype=int32), array([25], dtype=int32), array([25], dtype=int32), array([25], dtype=int32), array([25], dtype=int32), array([25], dtype=int32), array([25], dtype=int32), array([25], dtype=int32), array([25], dtype=int32), array([25], dtype=int32), array([25], dtype=int32), array([25], dtype=int32), array([25], dtype=int32), array([25], dtype=int32), array([25], dtype=int32), array([25], dtype=int32), array([25], dtype=int32), array([25], dtype=int32), array([25], dtype=int32), array([25], dtype=int32), array([25], dtype=int32), array([25], dtype=int32), array([25], dtype=int32), array([25], dtype=int32), array([25], dtype=int32), array([25], dtype=int32), array([25], dtype=int32), array([25], dtype=int32), array([25], dtype=int32), array([25], dtype=int32), array([25], dtype=int32), array([25], dtype=int32), array([25], dtype=int32), array([25], dtype=int32), array([25], dtype=int32), array([25], dtype=int32), array([25], dtype=int32), array([25], dtype=int32), array([25], dtype=int32), array([25], dtype=int32), array([25], dtype=int32), array([25], dtype=int32), array([25], dtype=int32), array([25], dtype=int32), array([25], dtype=int32), array([25], dtype=int32), array([25], dtype=int32), array([25], dtype=int32), array([25], dtype=int32), array([25], dtype=int32), array([25], dtype=int32), array([25], dtype=int32), array([25], dtype=int32), array([25], dtype=int32), array([25], dtype=int32), array([25], dtype=int32), array([25], dtype=int32), array([25], dtype=int32), array([25], dtype=int32), array([25], dtype=int32), array([25], dtype=int32), array([25], dtype=int32), array([25], dtype=int32), array([25], dtype=int32), array([25], dtype=int32), array([25], dtype=int32), array([25], dtype=int32), array([25], dtype=int32), array([25], dtype=int32), array([25], dtype=int32), array([25], dtype=int32), array([25], dtype=int32), array([25], dtype=int32), array([25], dtype=int32), array([25], dtype=int32), array([25], dtype=int32), array([25], dtype=int32), array([25], dtype=int32), array([25], dtype=int32), array([25], dtype=int32), array([25], dtype=int32), array([25], dtype=int32), array([25], dtype=int32), array([25], dtype=int32), array([25], dtype=int32), array([25], dtype=int32), array([25], dtype=int32), array([25], dtype=int32), array([25], dtype=int32), array([25], dtype=int32), array([25], dtype=int32), array([25], dtype=int32), array([25], dtype=int32), array([25], dtype=int32), array([25], dtype=int32), array([25], dtype=int32), array([25], dtype=int32), array([25], dtype=int32), array([25], dtype=int32), array([25], dtype=int32), array([25], dtype=int32), array([25], dtype=int32), array([25], dtype=int32), array([25], dtype=int32), array([25], dtype=int32), array([25], dtype=int32), array([25], dtype=int32), array([25], dtype=int32), array([25], dtype=int32), array([25], dtype=int32), array([25], dtype=int32), array([25], dtype=int32), array([25], dtype=int32), array([25], dtype=int32), array([25], dtype=int32), array([25], dtype=int32), array([25], dtype=int32), array([25], dtype=int32), array([25], dtype=int32), array([25], dtype=int32), array([25], dtype=int32), array([25], dtype=int32), array([25], dtype=int32), array([25], dtype=int32), array([25], dtype=int32), array([25], dtype=int32), array([25], dtype=int32), array([25], dtype=int32), array([25], dtype=int32), array([25], dtype=int32), array([25], dtype=int32), array([25], dtype=int32), array([25], dtype=int32), array([25], dtype=int32), array([25], dtype=int32), array([25], dtype=int32), array([25], dtype=int32), array([25], dtype=int32), array([25], dtype=int32), array([25], dtype=int32), array([25], dtype=int32), array([25], dtype=int32), array([25], dtype=int32), array([25], dtype=int32), array([25], dtype=int32), array([25], dtype=int32), array([25], dtype=int32), array([25], dtype=int32), array([25], dtype=int32), array([25], dtype=int32), array([25], dtype=int32), array([25], dtype=int32), array([25], dtype=int32), array([25], dtype=int32), array([25], dtype=int32), array([25], dtype=int32), array([25], dtype=int32), array([25], dtype=int32), array([25], dtype=int32), array([25], dtype=int32), array([25], dtype=int32), array([25], dtype=int32), array([25], dtype=int32), array([25], dtype=int32), array([25], dtype=int32), array([25], dtype=int32), array([25], dtype=int32), array([25], dtype=int32), array([25], dtype=int32), array([25], dtype=int32), array([25], dtype=int32), array([25], dtype=int32), array([25], dtype=int32), array([25], dtype=int32), array([25], dtype=int32), array([25], dtype=int32), array([25], dtype=int32), array([25], dtype=int32), array([25], dtype=int32), array([25], dtype=int32), array([25], dtype=int32), array([25], dtype=int32), array([25], dtype=int32), array([25], dtype=int32), array([25], dtype=int32), array([25], dtype=int32), array([25], dtype=int32), array([25], dtype=int32), array([25], dtype=int32), array([25], dtype=int32), array([25], dtype=int32), array([25], dtype=int32), array([25], dtype=int32), array([25], dtype=int32), array([25], dtype=int32), array([25], dtype=int32), array([25], dtype=int32), array([25], dtype=int32), array([25], dtype=int32), array([25], dtype=int32), array([25], dtype=int32), array([25], dtype=int32), array([25], dtype=int32), array([25], dtype=int32), array([25], dtype=int32), array([25], dtype=int32), array([25], dtype=int32), array([25], dtype=int32), array([25], dtype=int32), array([25], dtype=int32), array([25], dtype=int32), array([25], dtype=int32), array([25], dtype=int32), array([25], dtype=int32), array([25], dtype=int32), array([25], dtype=int32), array([25], dtype=int32), array([25], dtype=int32), array([25], dtype=int32), array([25], dtype=int32), array([25], dtype=int32), array([25], dtype=int32), array([25], dtype=int32), array([25], dtype=int32), array([25], dtype=int32), array([25], dtype=int32), array([25], dtype=int32), array([25], dtype=int32), array([25], dtype=int32), array([25], dtype=int32), array([25], dtype=int32), array([25], dtype=int32), array([25], dtype=int32), array([25], dtype=int32), array([25], dtype=int32), array([25], dtype=int32), array([25], dtype=int32), array([25], dtype=int32), array([25], dtype=int32), array([25], dtype=int32), array([25], dtype=int32), array([25], dtype=int32), array([25], dtype=int32), array([25], dtype=int32), array([25], dtype=int32), array([25], dtype=int32), array([25], dtype=int32), array([25], dtype=int32), array([25], dtype=int32), array([25], dtype=int32), array([25], dtype=int32), array([25], dtype=int32), array([25], dtype=int32), array([25], dtype=int32), array([25], dtype=int32), array([25], dtype=int32), array([25], dtype=int32), array([25], dtype=int32), array([25], dtype=int32), array([25], dtype=int32), array([25], dtype=int32), array([25], dtype=int32), array([25], dtype=int32), array([25], dtype=int32), array([25], dtype=int32), array([25], dtype=int32), array([25], dtype=int32), array([25], dtype=int32), array([25], dtype=int32), array([25], dtype=int32), array([25], dtype=int32), array([25], dtype=int32), array([25], dtype=int32), array([25], dtype=int32), array([25], dtype=int32), array([25], dtype=int32), array([25], dtype=int32), array([25], dtype=int32), array([25], dtype=int32), array([25], dtype=int32), array([25], dtype=int32), array([25], dtype=int32), array([25], dtype=int32), array([25], dtype=int32), array([25], dtype=int32), array([25], dtype=int32), array([25], dtype=int32), array([25], dtype=int32), array([25], dtype=int32), array([25], dtype=int32), array([25], dtype=int32), array([25], dtype=int32), array([25], dtype=int32), array([25], dtype=int32), array([25], dtype=int32), array([25], dtype=int32), array([25], dtype=int32), array([25], dtype=int32), array([25], dtype=int32), array([25], dtype=int32), array([25], dtype=int32), array([25], dtype=int32), array([25], dtype=int32), array([25], dtype=int32), array([25], dtype=int32), array([25], dtype=int32), array([25], dtype=int32), array([25], dtype=int32), array([25], dtype=int32), array([25], dtype=int32), array([25], dtype=int32), array([25], dtype=int32), array([25], dtype=int32), array([25], dtype=int32), array([25], dtype=int32), array([25], dtype=int32), array([25], dtype=int32), array([25], dtype=int32), array([25], dtype=int32), array([25], dtype=int32), array([25], dtype=int32), array([25], dtype=int32), array([25], dtype=int32), array([25], dtype=int32), array([25], dtype=int32), array([25], dtype=int32), array([25], dtype=int32), array([25], dtype=int32), array([25], dtype=int32), array([25], dtype=int32), array([25], dtype=int32), array([25], dtype=int32), array([25], dtype=int32), array([25], dtype=int32), array([25], dtype=int32), array([25], dtype=int32), array([25], dtype=int32), array([25], dtype=int32), array([25], dtype=int32), array([25], dtype=int32), array([25], dtype=int32), array([25], dtype=int32), array([25], dtype=int32), array([25], dtype=int32), array([25], dtype=int32), array([25], dtype=int32), array([25], dtype=int32), array([25], dtype=int32), array([25], dtype=int32), array([25], dtype=int32), array([25], dtype=int32), array([25], dtype=int32), array([25], dtype=int32), array([25], dtype=int32), array([25], dtype=int32), array([25], dtype=int32), array([25], dtype=int32), array([25], dtype=int32), array([25], dtype=int32), array([25], dtype=int32), array([25], dtype=int32), array([25], dtype=int32), array([25], dtype=int32), array([25], dtype=int32), array([25], dtype=int32), array([25], dtype=int32), array([25], dtype=int32), array([25], dtype=int32), array([25], dtype=int32), array([25], dtype=int32), array([25], dtype=int32), array([25], dtype=int32), array([25], dtype=int32), array([25], dtype=int32), array([25], dtype=int32), array([25], dtype=int32), array([25], dtype=int32), array([25], dtype=int32), array([25], dtype=int32), array([25], dtype=int32), array([25], dtype=int32), array([25], dtype=int32), array([25], dtype=int32), array([25], dtype=int32), array([25], dtype=int32), array([25], dtype=int32), array([25], dtype=int32), array([25], dtype=int32), array([25], dtype=int32), array([25], dtype=int32), array([25], dtype=int32), array([25], dtype=int32), array([25], dtype=int32), array([25], dtype=int32), array([25], dtype=int32), array([25], dtype=int32), array([25], dtype=int32), array([25], dtype=int32), array([25], dtype=int32), array([25], dtype=int32), array([25], dtype=int32), array([25], dtype=int32), array([25], dtype=int32), array([25], dtype=int32), array([25], dtype=int32), array([25], dtype=int32), array([25], dtype=int32), array([25], dtype=int32), array([25], dtype=int32), array([25], dtype=int32), array([25], dtype=int32), array([25], dtype=int32), array([25], dtype=int32), array([25], dtype=int32), array([25], dtype=int32), array([25], dtype=int32), array([25], dtype=int32), array([25], dtype=int32), array([25], dtype=int32), array([25], dtype=int32), array([25], dtype=int32), array([25], dtype=int32), array([25], dtype=int32), array([25], dtype=int32), array([25], dtype=int32), array([25], dtype=int32), array([25], dtype=int32), array([25], dtype=int32), array([25], dtype=int32), array([25], dtype=int32), array([25], dtype=int32), array([25], dtype=int32), array([25], dtype=int32), array([25], dtype=int32), array([25], dtype=int32), array([25], dtype=int32), array([25], dtype=int32), array([25], dtype=int32), array([25], dtype=int32), array([25], dtype=int32), array([25], dtype=int32), array([25], dtype=int32), array([25], dtype=int32), array([25], dtype=int32), array([25], dtype=int32), array([25], dtype=int32), array([25], dtype=int32), array([25], dtype=int32), array([25], dtype=int32), array([25], dtype=int32), array([25], dtype=int32), array([25], dtype=int32), array([25], dtype=int32), array([25], dtype=int32), array([25], dtype=int32), array([25], dtype=int32), array([25], dtype=int32), array([25], dtype=int32), array([25], dtype=int32), array([25], dtype=int32), array([25], dtype=int32), array([25], dtype=int32), array([25], dtype=int32), array([25], dtype=int32), array([25], dtype=int32), array([25], dtype=int32), array([25], dtype=int32), array([25], dtype=int32), array([25], dtype=int32), array([25], dtype=int32), array([25], dtype=int32), array([25], dtype=int32), array([25], dtype=int32), array([25], dtype=int32), array([25], dtype=int32), array([25], dtype=int32), array([25], dtype=int32), array([25], dtype=int32), array([25], dtype=int32), array([25], dtype=int32), array([25], dtype=int32), array([25], dtype=int32), array([25], dtype=int32), array([25], dtype=int32), array([25], dtype=int32), array([25], dtype=int32), array([25], dtype=int32), array([25], dtype=int32), array([25], dtype=int32), array([25], dtype=int32), array([25], dtype=int32), array([25], dtype=int32), array([25], dtype=int32), array([25], dtype=int32), array([25], dtype=int32), array([25], dtype=int32), array([25], dtype=int32), array([25], dtype=int32), array([25], dtype=int32), array([25], dtype=int32), array([25], dtype=int32), array([25], dtype=int32), array([25], dtype=int32), array([25], dtype=int32), array([25], dtype=int32), array([25], dtype=int32), array([25], dtype=int32), array([25], dtype=int32), array([25], dtype=int32), array([25], dtype=int32), array([25], dtype=int32), array([25], dtype=int32), array([25], dtype=int32), array([25], dtype=int32), array([25], dtype=int32), array([25], dtype=int32), array([25], dtype=int32), array([25], dtype=int32), array([25], dtype=int32), array([25], dtype=int32), array([25], dtype=int32), array([25], dtype=int32), array([25], dtype=int32), array([25], dtype=int32), array([25], dtype=int32), array([25], dtype=int32), array([25], dtype=int32), array([25], dtype=int32), array([25], dtype=int32), array([25], dtype=int32), array([25], dtype=int32), array([25], dtype=int32), array([25], dtype=int32), array([25], dtype=int32), array([25], dtype=int32), array([25], dtype=int32), array([25], dtype=int32), array([25], dtype=int32), array([25], dtype=int32), array([25], dtype=int32), array([25], dtype=int32), array([25], dtype=int32), array([25], dtype=int32), array([25], dtype=int32), array([25], dtype=int32), array([25], dtype=int32), array([25], dtype=int32), array([25], dtype=int32), array([25], dtype=int32), array([25], dtype=int32), array([25], dtype=int32), array([25], dtype=int32), array([25], dtype=int32), array([25], dtype=int32), array([25], dtype=int32), array([25], dtype=int32), array([25], dtype=int32), array([25], dtype=int32), array([25], dtype=int32), array([25], dtype=int32), array([25], dtype=int32), array([25], dtype=int32), array([25], dtype=int32), array([25], dtype=int32), array([25], dtype=int32), array([25], dtype=int32), array([25], dtype=int32), array([25], dtype=int32), array([25], dtype=int32), array([25], dtype=int32), array([25], dtype=int32), array([25], dtype=int32), array([25], dtype=int32), array([25], dtype=int32), array([25], dtype=int32), array([25], dtype=int32), array([25], dtype=int32), array([25], dtype=int32), array([25], dtype=int32), array([25], dtype=int32), array([25], dtype=int32), array([25], dtype=int32), array([25], dtype=int32), array([25], dtype=int32), array([25], dtype=int32), array([25], dtype=int32), array([25], dtype=int32), array([25], dtype=int32), array([25], dtype=int32), array([25], dtype=int32), array([25], dtype=int32), array([25], dtype=int32), array([25], dtype=int32), array([25], dtype=int32), array([25], dtype=int32), array([25], dtype=int32), array([25], dtype=int32), array([25], dtype=int32), array([25], dtype=int32), array([25], dtype=int32), array([25], dtype=int32), array([25], dtype=int32), array([25], dtype=int32), array([25], dtype=int32), array([25], dtype=int32), array([25], dtype=int32), array([25], dtype=int32), array([25], dtype=int32), array([25], dtype=int32), array([25], dtype=int32), array([25], dtype=int32), array([25], dtype=int32), array([25], dtype=int32), array([25], dtype=int32), array([25], dtype=int32), array([25], dtype=int32), array([25], dtype=int32), array([25], dtype=int32), array([25], dtype=int32), array([25], dtype=int32), array([25], dtype=int32), array([25], dtype=int32), array([25], dtype=int32), array([25], dtype=int32), array([25], dtype=int32), array([25], dtype=int32), array([25], dtype=int32), array([25], dtype=int32), array([25], dtype=int32), array([25], dtype=int32), array([25], dtype=int32), array([25], dtype=int32), array([25], dtype=int32), array([25], dtype=int32), array([25], dtype=int32), array([25], dtype=int32), array([25], dtype=int32), array([25], dtype=int32), array([25], dtype=int32), array([25], dtype=int32), array([25], dtype=int32), array([25], dtype=int32), array([25], dtype=int32), array([25], dtype=int32), array([25], dtype=int32), array([25], dtype=int32), array([25], dtype=int32), array([25], dtype=int32), array([25], dtype=int32), array([25], dtype=int32), array([25], dtype=int32), array([25], dtype=int32), array([25], dtype=int32), array([25], dtype=int32), array([25], dtype=int32), array([25], dtype=int32), array([25], dtype=int32), array([25], dtype=int32), array([25], dtype=int32), array([25], dtype=int32), array([25], dtype=int32), array([25], dtype=int32), array([25], dtype=int32), array([25], dtype=int32), array([25], dtype=int32), array([25], dtype=int32), array([25], dtype=int32), array([25], dtype=int32), array([25], dtype=int32), array([25], dtype=int32), array([25], dtype=int32), array([25], dtype=int32), array([25], dtype=int32), array([25], dtype=int32), array([25], dtype=int32), array([25], dtype=int32), array([25], dtype=int32), array([25], dtype=int32), array([25], dtype=int32), array([25], dtype=int32), array([25], dtype=int32), array([25], dtype=int32), array([25], dtype=int32), array([25], dtype=int32), array([25], dtype=int32), array([25], dtype=int32), array([25], dtype=int32), array([25], dtype=int32), array([25], dtype=int32), array([25], dtype=int32), array([25], dtype=int32), array([25], dtype=int32), array([25], dtype=int32), array([25], dtype=int32), array([25], dtype=int32), array([25], dtype=int32), array([25], dtype=int32), array([25], dtype=int32), array([25], dtype=int32), array([25], dtype=int32), array([25], dtype=int32), array([25], dtype=int32), array([25], dtype=int32), array([25], dtype=int32), array([25], dtype=int32), array([25], dtype=int32), array([25], dtype=int32), array([25], dtype=int32), array([25], dtype=int32), array([25], dtype=int32), array([25], dtype=int32), array([25], dtype=int32), array([25], dtype=int32), array([25], dtype=int32), array([25], dtype=int32), array([25], dtype=int32), array([25], dtype=int32), array([25], dtype=int32), array([25], dtype=int32), array([25], dtype=int32), array([25], dtype=int32), array([25], dtype=int32), array([25], dtype=int32), array([25], dtype=int32), array([25], dtype=int32), array([25], dtype=int32), array([25], dtype=int32), array([25], dtype=int32), array([25], dtype=int32), array([25], dtype=int32), array([25], dtype=int32), array([25], dtype=int32), array([25], dtype=int32), array([25], dtype=int32), array([25], dtype=int32), array([25], dtype=int32), array([25], dtype=int32), array([25], dtype=int32), array([25], dtype=int32), array([25], dtype=int32), array([25], dtype=int32), array([25], dtype=int32), array([25], dtype=int32), array([25], dtype=int32), array([25], dtype=int32), array([25], dtype=int32), array([25], dtype=int32), array([25], dtype=int32), array([25], dtype=int32), array([25], dtype=int32), array([25], dtype=int32), array([25], dtype=int32), array([25], dtype=int32), array([25], dtype=int32), array([25], dtype=int32), array([25], dtype=int32), array([25], dtype=int32), array([25], dtype=int32), array([25], dtype=int32), array([25], dtype=int32), array([25], dtype=int32), array([25], dtype=int32), array([25], dtype=int32), array([25], dtype=int32), array([25], dtype=int32), array([25], dtype=int32), array([25], dtype=int32), array([25], dtype=int32), array([25], dtype=int32), array([25], dtype=int32), array([25], dtype=int32), array([25], dtype=int32), array([25], dtype=int32), array([25], dtype=int32), array([25], dtype=int32), array([25], dtype=int32), array([25], dtype=int32), array([25], dtype=int32), array([25], dtype=int32), array([25], dtype=int32), array([25], dtype=int32), array([25], dtype=int32), array([25], dtype=int32), array([25], dtype=int32), array([25], dtype=int32), array([25], dtype=int32), array([25], dtype=int32), array([25], dtype=int32), array([25], dtype=int32), array([25], dtype=int32), array([25], dtype=int32), array([25], dtype=int32), array([25], dtype=int32), array([25], dtype=int32), array([25], dtype=int32), array([25], dtype=int32), array([25], dtype=int32), array([25], dtype=int32), array([25], dtype=int32), array([25], dtype=int32), array([25], dtype=int32), array([25], dtype=int32), array([25], dtype=int32), array([25], dtype=int32), array([25], dtype=int32), array([25], dtype=int32), array([25], dtype=int32), array([25], dtype=int32), array([25], dtype=int32), array([25], dtype=int32), array([25], dtype=int32), array([25], dtype=int32), array([25], dtype=int32), array([25], dtype=int32), array([25], dtype=int32), array([25], dtype=int32), array([25], dtype=int32), array([25], dtype=int32), array([25], dtype=int32), array([25], dtype=int32), array([25], dtype=int32), array([25], dtype=int32), array([25], dtype=int32), array([25], dtype=int32), array([25], dtype=int32), array([25], dtype=int32), array([25], dtype=int32), array([25], dtype=int32), array([25], dtype=int32), array([25], dtype=int32), array([25], dtype=int32), array([25], dtype=int32), array([25], dtype=int32), array([25], dtype=int32), array([25], dtype=int32), array([25], dtype=int32), array([25], dtype=int32), array([25], dtype=int32), array([25], dtype=int32), array([25], dtype=int32), array([25], dtype=int32), array([25], dtype=int32), array([25], dtype=int32), array([25], dtype=int32), array([25], dtype=int32), array([25], dtype=int32), array([25], dtype=int32), array([25], dtype=int32), array([25], dtype=int32), array([25], dtype=int32), array([25], dtype=int32), array([25], dtype=int32), array([25], dtype=int32), array([25], dtype=int32), array([25], dtype=int32), array([25], dtype=int32), array([25], dtype=int32), array([25], dtype=int32), array([25], dtype=int32), array([25], dtype=int32), array([25], dtype=int32), array([25], dtype=int32), array([25], dtype=int32), array([25], dtype=int32), array([25], dtype=int32), array([25], dtype=int32), array([25], dtype=int32), array([25], dtype=int32), array([25], dtype=int32), array([25], dtype=int32), array([25], dtype=int32), array([25], dtype=int32), array([25], dtype=int32), array([25], dtype=int32), array([25], dtype=int32), array([25], dtype=int32), array([25], dtype=int32), array([25], dtype=int32), array([25], dtype=int32), array([25], dtype=int32), array([25], dtype=int32), array([25], dtype=int32), array([25], dtype=int32), array([25], dtype=int32), array([25], dtype=int32), array([25], dtype=int32), array([25], dtype=int32), array([25], dtype=int32), array([25], dtype=int32), array([25], dtype=int32), array([25], dtype=int32), array([25], dtype=int32), array([25], dtype=int32), array([25], dtype=int32), array([25], dtype=int32), array([25], dtype=int32), array([25], dtype=int32), array([25], dtype=int32), array([25], dtype=int32), array([25], dtype=int32), array([25], dtype=int32), array([25], dtype=int32), array([25], dtype=int32), array([25], dtype=int32), array([25], dtype=int32), array([25], dtype=int32), array([25], dtype=int32), array([25], dtype=int32), array([25], dtype=int32), array([25], dtype=int32), array([25], dtype=int32), array([25], dtype=int32), array([25], dtype=int32), array([25], dtype=int32), array([25], dtype=int32), array([25], dtype=int32), array([25], dtype=int32), array([25], dtype=int32), array([25], dtype=int32), array([25], dtype=int32), array([25], dtype=int32), array([25], dtype=int32), array([25], dtype=int32), array([25], dtype=int32), array([25], dtype=int32), array([25], dtype=int32), array([25], dtype=int32), array([25], dtype=int32), array([25], dtype=int32), array([25], dtype=int32), array([25], dtype=int32), array([25], dtype=int32), array([25], dtype=int32), array([25], dtype=int32), array([25], dtype=int32), array([25], dtype=int32), array([25], dtype=int32), array([25], dtype=int32), array([25], dtype=int32), array([25], dtype=int32), array([25], dtype=int32), array([25], dtype=int32), array([25], dtype=int32), array([25], dtype=int32), array([25], dtype=int32), array([25], dtype=int32), array([25], dtype=int32), array([25], dtype=int32), array([25], dtype=int32), array([25], dtype=int32), array([25], dtype=int32), array([25], dtype=int32), array([25], dtype=int32), array([25], dtype=int32), array([25], dtype=int32), array([25], dtype=int32), array([25], dtype=int32), array([25], dtype=int32), array([25], dtype=int32), array([25], dtype=int32), array([25], dtype=int32), array([25], dtype=int32), array([25], dtype=int32), array([25], dtype=int32), array([25], dtype=int32), array([25], dtype=int32), array([25], dtype=int32), array([25], dtype=int32), array([25], dtype=int32), array([25], dtype=int32), array([25], dtype=int32), array([25], dtype=int32), array([25], dtype=int32), array([25], dtype=int32), array([25], dtype=int32), array([25], dtype=int32), array([25], dtype=int32), array([25], dtype=int32), array([25], dtype=int32), array([25], dtype=int32), array([25], dtype=int32), array([25], dtype=int32), array([25], dtype=int32), array([25], dtype=int32), array([25], dtype=int32), array([25], dtype=int32), array([25], dtype=int32), array([25], dtype=int32), array([25], dtype=int32), array([25], dtype=int32), array([25], dtype=int32), array([25], dtype=int32), array([25], dtype=int32), array([25], dtype=int32), array([25], dtype=int32), array([25], dtype=int32), array([25], dtype=int32), array([25], dtype=int32), array([25], dtype=int32), array([25], dtype=int32), array([25], dtype=int32), array([25], dtype=int32), array([25], dtype=int32), array([25], dtype=int32), array([25], dtype=int32), array([25], dtype=int32), array([25], dtype=int32), array([25], dtype=int32), array([25], dtype=int32), array([25], dtype=int32), array([25], dtype=int32), array([25], dtype=int32), array([25], dtype=int32), array([25], dtype=int32), array([25], dtype=int32), array([25], dtype=int32), array([25], dtype=int32), array([25], dtype=int32), array([25], dtype=int32), array([25], dtype=int32), array([25], dtype=int32), array([25], dtype=int32), array([25], dtype=int32), array([25], dtype=int32), array([25], dtype=int32), array([25], dtype=int32), array([25], dtype=int32), array([25], dtype=int32), array([25], dtype=int32), array([25], dtype=int32), array([25], dtype=int32), array([25], dtype=int32), array([25], dtype=int32), array([25], dtype=int32), array([25], dtype=int32), array([25], dtype=int32), array([25], dtype=int32), array([25], dtype=int32), array([25], dtype=int32), array([25], dtype=int32), array([25], dtype=int32), array([25], dtype=int32), array([25], dtype=int32), array([25], dtype=int32), array([25], dtype=int32), array([25], dtype=int32), array([25], dtype=int32), array([25], dtype=int32), array([25], dtype=int32), array([25], dtype=int32), array([25], dtype=int32), array([25], dtype=int32), array([25], dtype=int32), array([25], dtype=int32), array([25], dtype=int32), array([25], dtype=int32), array([25], dtype=int32), array([25], dtype=int32), array([25], dtype=int32), array([25], dtype=int32), array([25], dtype=int32), array([25], dtype=int32), array([25], dtype=int32), array([25], dtype=int32), array([25], dtype=int32), array([25], dtype=int32), array([25], dtype=int32), array([25], dtype=int32), array([25], dtype=int32), array([25], dtype=int32), array([25], dtype=int32), array([25], dtype=int32), array([25], dtype=int32), array([25], dtype=int32), array([25], dtype=int32), array([25], dtype=int32), array([25], dtype=int32), array([25], dtype=int32), array([25], dtype=int32), array([25], dtype=int32), array([25], dtype=int32), array([25], dtype=int32), array([25], dtype=int32), array([25], dtype=int32), array([25], dtype=int32), array([25], dtype=int32), array([25], dtype=int32), array([25], dtype=int32), array([25], dtype=int32), array([25], dtype=int32), array([25], dtype=int32), array([25], dtype=int32), array([25], dtype=int32), array([25], dtype=int32), array([25], dtype=int32), array([25], dtype=int32), array([25], dtype=int32), array([25], dtype=int32), array([25], dtype=int32), array([25], dtype=int32), array([25], dtype=int32), array([25], dtype=int32), array([25], dtype=int32), array([25], dtype=int32), array([25], dtype=int32), array([25], dtype=int32), array([25], dtype=int32), array([25], dtype=int32), array([25], dtype=int32), array([25], dtype=int32), array([25], dtype=int32), array([25], dtype=int32), array([25], dtype=int32), array([25], dtype=int32), array([25], dtype=int32), array([25], dtype=int32), array([25], dtype=int32), array([25], dtype=int32), array([25], dtype=int32), array([25], dtype=int32), array([25], dtype=int32), array([25], dtype=int32), array([25], dtype=int32), array([25], dtype=int32), array([25], dtype=int32), array([25], dtype=int32), array([25], dtype=int32), array([25], dtype=int32), array([25], dtype=int32), array([25], dtype=int32), array([25], dtype=int32), array([25], dtype=int32), array([25], dtype=int32), array([25], dtype=int32), array([25], dtype=int32), array([25], dtype=int32), array([25], dtype=int32), array([25], dtype=int32), array([25], dtype=int32), array([25], dtype=int32), array([25], dtype=int32), array([25], dtype=int32), array([25], dtype=int32), array([25], dtype=int32), array([25], dtype=int32), array([25], dtype=int32), array([25], dtype=int32), array([25], dtype=int32), array([25], dtype=int32), array([25], dtype=int32), array([25], dtype=int32), array([25], dtype=int32), array([25], dtype=int32), array([25], dtype=int32), array([25], dtype=int32), array([25], dtype=int32), array([25], dtype=int32), array([25], dtype=int32), array([25], dtype=int32), array([25], dtype=int32), array([25], dtype=int32), array([25], dtype=int32), array([25], dtype=int32), array([25], dtype=int32), array([25], dtype=int32), array([25], dtype=int32), array([25], dtype=int32), array([25], dtype=int32), array([25], dtype=int32), array([25], dtype=int32), array([25], dtype=int32), array([25], dtype=int32), array([25], dtype=int32), array([25], dtype=int32), array([25], dtype=int32), array([25], dtype=int32), array([25], dtype=int32), array([25], dtype=int32), array([25], dtype=int32), array([25], dtype=int32), array([25], dtype=int32), array([25], dtype=int32), array([25], dtype=int32), array([25], dtype=int32), array([25], dtype=int32), array([25], dtype=int32), array([25], dtype=int32), array([25], dtype=int32), array([25], dtype=int32), array([25], dtype=int32), array([25], dtype=int32), array([25], dtype=int32), array([25], dtype=int32), array([25], dtype=int32), array([25], dtype=int32), array([25], dtype=int32), array([25], dtype=int32), array([25], dtype=int32), array([25], dtype=int32), array([25], dtype=int32), array([25], dtype=int32), array([25], dtype=int32), array([25], dtype=int32), array([25], dtype=int32), array([25], dtype=int32), array([25], dtype=int32), array([25], dtype=int32), array([25], dtype=int32), array([25], dtype=int32), array([25], dtype=int32), array([25], dtype=int32), array([25], dtype=int32), array([25], dtype=int32), array([25], dtype=int32), array([25], dtype=int32), array([25], dtype=int32), array([25], dtype=int32), array([25], dtype=int32), array([25], dtype=int32), array([25], dtype=int32), array([25], dtype=int32), array([25], dtype=int32), array([25], dtype=int32), array([25], dtype=int32), array([25], dtype=int32), array([25], dtype=int32), array([25], dtype=int32), array([25], dtype=int32), array([25], dtype=int32), array([25], dtype=int32), array([25], dtype=int32), array([25], dtype=int32), array([25], dtype=int32), array([25], dtype=int32), array([25], dtype=int32), array([25], dtype=int32), array([25], dtype=int32), array([25], dtype=int32), array([25], dtype=int32), array([25], dtype=int32), array([25], dtype=int32), array([25], dtype=int32), array([25], dtype=int32), array([25], dtype=int32), array([25], dtype=int32), array([25], dtype=int32), array([25], dtype=int32), array([25], dtype=int32), array([25], dtype=int32), array([25], dtype=int32), array([25], dtype=int32), array([25], dtype=int32), array([25], dtype=int32), array([25], dtype=int32), array([25], dtype=int32), array([25], dtype=int32), array([25], dtype=int32), array([25], dtype=int32), array([25], dtype=int32), array([25], dtype=int32), array([25], dtype=int32), array([25], dtype=int32), array([25], dtype=int32), array([25], dtype=int32), array([25], dtype=int32), array([25], dtype=int32), array([25], dtype=int32), array([25], dtype=int32), array([25], dtype=int32), array([25], dtype=int32), array([25], dtype=int32), array([25], dtype=int32), array([25], dtype=int32), array([25], dtype=int32), array([25], dtype=int32), array([25], dtype=int32), array([25], dtype=int32), array([25], dtype=int32), array([25], dtype=int32), array([25], dtype=int32), array([25], dtype=int32), array([25], dtype=int32), array([25], dtype=int32), array([25], dtype=int32), array([25], dtype=int32), array([25], dtype=int32), array([25], dtype=int32), array([25], dtype=int32), array([25], dtype=int32), array([25], dtype=int32), array([25], dtype=int32), array([25], dtype=int32), array([25], dtype=int32), array([25], dtype=int32), array([25], dtype=int32), array([25], dtype=int32), array([25], dtype=int32), array([25], dtype=int32), array([25], dtype=int32), array([25], dtype=int32), array([25], dtype=int32), array([25], dtype=int32), array([25], dtype=int32), array([25], dtype=int32), array([25], dtype=int32), array([25], dtype=int32), array([25], dtype=int32), array([25], dtype=int32), array([25], dtype=int32), array([25], dtype=int32), array([25], dtype=int32), array([25], dtype=int32), array([25], dtype=int32), array([25], dtype=int32), array([25], dtype=int32), array([25], dtype=int32), array([25], dtype=int32), array([25], dtype=int32), array([25], dtype=int32), array([25], dtype=int32), array([25], dtype=int32), array([25], dtype=int32), array([25], dtype=int32), array([25], dtype=int32), array([25], dtype=int32), array([25], dtype=int32), array([25], dtype=int32), array([25], dtype=int32), array([25], dtype=int32), array([25], dtype=int32), array([25], dtype=int32), array([25], dtype=int32), array([25], dtype=int32), array([25], dtype=int32), array([25], dtype=int32), array([25], dtype=int32), array([25], dtype=int32), array([25], dtype=int32), array([25], dtype=int32), array([25], dtype=int32), array([25], dtype=int32), array([25], dtype=int32), array([25], dtype=int32), array([25], dtype=int32), array([25], dtype=int32), array([25], dtype=int32), array([25], dtype=int32), array([25], dtype=int32), array([25], dtype=int32), array([25], dtype=int32), array([25], dtype=int32), array([25], dtype=int32), array([25], dtype=int32), array([25], dtype=int32), array([25], dtype=int32), array([25], dtype=int32), array([25], dtype=int32), array([25], dtype=int32), array([25], dtype=int32), array([25], dtype=int32), array([25], dtype=int32), array([25], dtype=int32), array([25], dtype=int32), array([25], dtype=int32), array([25], dtype=int32), array([25], dtype=int32), array([25], dtype=int32), array([25], dtype=int32), array([25], dtype=int32), array([25], dtype=int32), array([25], dtype=int32), array([25], dtype=int32), array([25], dtype=int32), array([25], dtype=int32), array([25], dtype=int32), array([25], dtype=int32), array([25], dtype=int32), array([25], dtype=int32), array([25], dtype=int32), array([25], dtype=int32), array([25], dtype=int32), array([25], dtype=int32), array([25], dtype=int32), array([25], dtype=int32), array([25], dtype=int32), array([25], dtype=int32), array([25], dtype=int32), array([25], dtype=int32), array([25], dtype=int32), array([25], dtype=int32), array([25], dtype=int32), array([25], dtype=int32), array([25], dtype=int32), array([25], dtype=int32), array([25], dtype=int32), array([25], dtype=int32), array([25], dtype=int32), array([25], dtype=int32), array([25], dtype=int32), array([25], dtype=int32), array([25], dtype=int32), array([25], dtype=int32), array([25], dtype=int32), array([25], dtype=int32), array([25], dtype=int32), array([25], dtype=int32), array([25], dtype=int32), array([25], dtype=int32), array([25], dtype=int32), array([25], dtype=int32), array([25], dtype=int32), array([25], dtype=int32), array([25], dtype=int32), array([25], dtype=int32), array([25], dtype=int32), array([25], dtype=int32), array([25], dtype=int32), array([25], dtype=int32), array([25], dtype=int32), array([25], dtype=int32), array([25], dtype=int32), array([25], dtype=int32), array([25], dtype=int32), array([25], dtype=int32), array([25], dtype=int32), array([25], dtype=int32), array([25], dtype=int32), array([25], dtype=int32), array([25], dtype=int32), array([25], dtype=int32), array([25], dtype=int32), array([25], dtype=int32), array([25], dtype=int32), array([25], dtype=int32), array([25], dtype=int32), array([25], dtype=int32), array([25], dtype=int32), array([25], dtype=int32), array([25], dtype=int32), array([25], dtype=int32), array([25], dtype=int32), array([25], dtype=int32), array([25], dtype=int32), array([25], dtype=int32), array([25], dtype=int32), array([25], dtype=int32), array([25], dtype=int32), array([25], dtype=int32), array([25], dtype=int32), array([25], dtype=int32), array([25], dtype=int32), array([25], dtype=int32), array([25], dtype=int32), array([25], dtype=int32), array([25], dtype=int32), array([25], dtype=int32), array([25], dtype=int32), array([25], dtype=int32), array([25], dtype=int32), array([25], dtype=int32), array([25], dtype=int32), array([25], dtype=int32), array([25], dtype=int32), array([25], dtype=int32), array([25], dtype=int32), array([25], dtype=int32), array([25], dtype=int32), array([25], dtype=int32), array([25], dtype=int32), array([25], dtype=int32), array([25], dtype=int32), array([25], dtype=int32), array([25], dtype=int32), array([25], dtype=int32), array([25], dtype=int32), array([25], dtype=int32), array([25], dtype=int32), array([25], dtype=int32), array([25], dtype=int32), array([25], dtype=int32), array([25], dtype=int32), array([25], dtype=int32), array([25], dtype=int32), array([25], dtype=int32), array([25], dtype=int32), array([25], dtype=int32), array([25], dtype=int32), array([25], dtype=int32), array([25], dtype=int32), array([25], dtype=int32), array([25], dtype=int32), array([25], dtype=int32), array([25], dtype=int32), array([25], dtype=int32), array([25], dtype=int32), array([25], dtype=int32), array([25], dtype=int32), array([25], dtype=int32), array([25], dtype=int32), array([25], dtype=int32), array([25], dtype=int32), array([25], dtype=int32), array([25], dtype=int32), array([25], dtype=int32), array([25], dtype=int32), array([25], dtype=int32), array([25], dtype=int32), array([25], dtype=int32), array([25], dtype=int32), array([25], dtype=int32), array([25], dtype=int32), array([25], dtype=int32), array([25], dtype=int32), array([25], dtype=int32), array([25], dtype=int32), array([25], dtype=int32), array([25], dtype=int32), array([25], dtype=int32), array([25], dtype=int32), array([25], dtype=int32), array([25], dtype=int32), array([25], dtype=int32), array([25], dtype=int32), array([25], dtype=int32), array([25], dtype=int32), array([25], dtype=int32), array([25], dtype=int32), array([25], dtype=int32), array([25], dtype=int32), array([25], dtype=int32), array([25], dtype=int32), array([25], dtype=int32), array([25], dtype=int32), array([25], dtype=int32), array([25], dtype=int32), array([25], dtype=int32), array([25], dtype=int32), array([25], dtype=int32), array([25], dtype=int32), array([25], dtype=int32), array([25], dtype=int32), array([25], dtype=int32), array([25], dtype=int32), array([25], dtype=int32), array([25], dtype=int32), array([25], dtype=int32), array([25], dtype=int32), array([25], dtype=int32), array([25], dtype=int32), array([25], dtype=int32), array([25], dtype=int32), array([25], dtype=int32), array([25], dtype=int32), array([25], dtype=int32), array([25], dtype=int32), array([25], dtype=int32), array([25], dtype=int32), array([25], dtype=int32), array([25], dtype=int32), array([25], dtype=int32), array([25], dtype=int32), array([25], dtype=int32), array([25], dtype=int32), array([25], dtype=int32), array([25], dtype=int32), array([25], dtype=int32), array([25], dtype=int32), array([25], dtype=int32), array([25], dtype=int32), array([25], dtype=int32), array([25], dtype=int32), array([25], dtype=int32), array([25], dtype=int32), array([25], dtype=int32), array([25], dtype=int32), array([25], dtype=int32), array([25], dtype=int32), array([25], dtype=int32), array([25], dtype=int32), array([25], dtype=int32), array([25], dtype=int32), array([25], dtype=int32), array([25], dtype=int32), array([25], dtype=int32), array([25], dtype=int32), array([25], dtype=int32), array([25], dtype=int32), array([25], dtype=int32), array([25], dtype=int32), array([25], dtype=int32), array([25], dtype=int32), array([25], dtype=int32), array([25], dtype=int32), array([25], dtype=int32), array([25], dtype=int32), array([25], dtype=int32), array([25], dtype=int32), array([25], dtype=int32), array([25], dtype=int32), array([25], dtype=int32), array([25], dtype=int32), array([25], dtype=int32), array([25], dtype=int32), array([25], dtype=int32), array([25], dtype=int32), array([25], dtype=int32), array([25], dtype=int32), array([25], dtype=int32), array([25], dtype=int32), array([25], dtype=int32), array([25], dtype=int32), array([25], dtype=int32), array([25], dtype=int32), array([25], dtype=int32), array([25], dtype=int32), array([25], dtype=int32), array([25], dtype=int32), array([25], dtype=int32), array([25], dtype=int32), array([25], dtype=int32), array([25], dtype=int32), array([25], dtype=int32), array([25], dtype=int32), array([25], dtype=int32), array([25], dtype=int32), array([25], dtype=int32), array([25], dtype=int32), array([25], dtype=int32), array([25], dtype=int32), array([25], dtype=int32), array([25], dtype=int32), array([25], dtype=int32), array([25], dtype=int32), array([25], dtype=int32), array([25], dtype=int32), array([25], dtype=int32), array([25], dtype=int32), array([25], dtype=int32), array([25], dtype=int32), array([25], dtype=int32), array([25], dtype=int32), array([25], dtype=int32), array([25], dtype=int32), array([25], dtype=int32), array([25], dtype=int32), array([25], dtype=int32), array([25], dtype=int32), array([25], dtype=int32), array([25], dtype=int32), array([25], dtype=int32), array([25], dtype=int32), array([25], dtype=int32), array([25], dtype=int32), array([25], dtype=int32), array([25], dtype=int32), array([25], dtype=int32), array([25], dtype=int32), array([25], dtype=int32), array([25], dtype=int32), array([25], dtype=int32), array([25], dtype=int32), array([25], dtype=int32), array([25], dtype=int32), array([25], dtype=int32), array([25], dtype=int32), array([25], dtype=int32), array([25], dtype=int32), array([25], dtype=int32), array([25], dtype=int32), array([25], dtype=int32), array([25], dtype=int32), array([25], dtype=int32), array([25], dtype=int32), array([25], dtype=int32), array([25], dtype=int32), array([25], dtype=int32), array([25], dtype=int32), array([25], dtype=int32), array([25], dtype=int32), array([25], dtype=int32), array([25], dtype=int32), array([25], dtype=int32), array([25], dtype=int32), array([25], dtype=int32), array([25], dtype=int32), array([25], dtype=int32), array([25], dtype=int32), array([25], dtype=int32), array([25], dtype=int32), array([25], dtype=int32), array([25], dtype=int32), array([25], dtype=int32), array([25], dtype=int32), array([25], dtype=int32), array([25], dtype=int32), array([25], dtype=int32), array([25], dtype=int32), array([25], dtype=int32), array([25], dtype=int32), array([25], dtype=int32), array([25], dtype=int32), array([25], dtype=int32), array([25], dtype=int32), array([25], dtype=int32), array([25], dtype=int32), array([25], dtype=int32), array([25], dtype=int32), array([25], dtype=int32), array([25], dtype=int32), array([25], dtype=int32), array([25], dtype=int32), array([25], dtype=int32), array([25], dtype=int32), array([25], dtype=int32), array([25], dtype=int32), array([25], dtype=int32), array([25], dtype=int32), array([25], dtype=int32), array([25], dtype=int32), array([25], dtype=int32), array([25], dtype=int32), array([25], dtype=int32), array([25], dtype=int32), array([25], dtype=int32), array([25], dtype=int32), array([25], dtype=int32), array([25], dtype=int32), array([25], dtype=int32), array([25], dtype=int32), array([25], dtype=int32), array([25], dtype=int32), array([25], dtype=int32), array([25], dtype=int32), array([25], dtype=int32), array([25], dtype=int32), array([25], dtype=int32), array([25], dtype=int32), array([25], dtype=int32), array([25], dtype=int32), array([25], dtype=int32), array([25], dtype=int32), array([25], dtype=int32), array([25], dtype=int32), array([25], dtype=int32), array([25], dtype=int32), array([25], dtype=int32), array([25], dtype=int32), array([25], dtype=int32), array([25], dtype=int32), array([25], dtype=int32)]","[array([10.40346505]), array([10.79891308]), array([6.04115007]), array([5.94707714]), array([7.44035307]), array([1.14539405]), array([2.6177491]), array([8.69485606]), array([3.18362297]), array([0.39590004]), array([6.43637305]), array([7.02801902]), array([13.95150111]), array([3.79019414]), array([-0.02229896]), array([4.66577811]), array([4.65606005]), array([8.84014899]), array([6.0640782]), array([2.69771211]), array([6.18144906]), array([8.28494602]), array([8.77349213]), array([1.87254609]), array([9.258599]), array([9.85552607]), array([6.33356807]), array([4.28402607]), array([7.15778906]), array([9.94085414]), array([3.55675915]), array([5.78449595]), array([8.59837201]), array([8.55820111]), array([7.75380509]), array([6.94645104]), array([6.93769796]), array([0.97820008]), array([3.81393802]), array([9.04891405]), array([9.04000514]), array([6.66385103]), array([4.4574661]), array([6.73055698]), array([7.64460106]), array([9.00432512]), array([9.23841605]), array([8.84449403]), array([8.07498109]), array([7.55998807]), array([8.68212313]), array([9.44077706]), array([13.9890671]), array([7.54442608]), array([3.39461499]), array([4.49400806]), array([5.50694912]), array([6.34868311]), array([8.9482351]), array([7.23950114]), array([7.02279013]), array([4.92987706]), array([11.04479309]), array([8.30701499]), array([9.54990496]), array([1.78219716]), array([4.05039298]), array([7.21074611]), array([-0.14916794]), array([7.02329999]), array([5.50930003]), array([6.27364217]), array([10.20338007]), array([3.6563261]), array([3.74088411]), array([5.38748603]), array([5.57119717]), array([1.46860517]), array([5.08817499]), array([7.6872131]), array([6.63757213]), array([1.22494615]), array([8.73008906]), array([12.04322298]), array([4.62681105]), array([4.41153804]), array([10.66555792]), array([1.67282112]), array([0.99660197]), array([4.95883003]), array([7.26661507]), array([8.27121104]), array([7.67021607]), array([6.17507]), array([9.47945212]), array([6.59931909]), array([4.9390602]), array([3.27675616]), array([6.9005581]), array([4.60799011]), array([11.16441407]), array([12.05917418]), array([4.72902208]), array([2.56745906]), array([0.84729493]), array([6.83612897]), array([2.67870717]), array([5.93816904]), array([6.56593908]), array([6.57100104]), array([5.06424092]), array([8.77520415]), array([3.23063611]), array([7.17689401]), array([2.8489389]), array([5.6922]), array([9.87696001]), array([9.76818012]), array([0.94289207]), array([7.71141702]), array([4.38503916]), array([3.40876511]), array([3.51976211]), array([7.98358012]), array([1.39637209]), array([9.72269595]), array([6.49032012]), array([4.75160011]), array([5.48517408]), array([2.29231202]), array([4.25618203]), array([5.53750013]), array([2.35681493]), array([4.82350104]), array([3.9741141]), array([6.55322103]), array([1.75501403]), array([7.22652104]), array([9.06199107]), array([5.46132304]), array([8.84680604]), array([8.68464904]), array([3.81403703]), array([1.45151705]), array([6.33702813]), array([12.50671407]), array([12.832843]), array([13.28870703]), array([5.0877971]), array([7.21727009]), array([8.20502112]), array([5.28454106]), array([6.72302209]), array([7.02515804]), array([4.3678051]), array([5.95980113]), array([9.18017507]), array([5.72174207]), array([11.19189309]), array([3.02694507]), array([6.22371419]), array([8.20773002]), array([5.29745002]), array([2.24976803]), array([11.73566503]), array([5.30985502]), array([5.33314715]), array([8.60609115]), array([7.90444905]), array([8.87614318]), array([8.27847112]), array([2.85678308]), array([4.17465207]), array([10.74099904]), array([5.88792805]), array([7.01382606]), array([10.56430001]), array([12.23958408]), array([8.83921699]), array([8.05349502]), array([8.92095503]), array([5.58175814]), array([3.35282513]), array([7.65607512]), array([8.92794609]), array([7.02313705]), array([7.32149712]), array([10.00176409]), array([10.17273815]), array([9.39493016]), array([6.94217101]), array([6.92286105]), array([7.080309]), array([4.48826908]), array([11.62127612]), array([4.37392202]), array([-0.05757609]), array([12.00854204]), array([6.151121]), array([7.82495702]), array([5.50612117]), array([6.341832]), array([9.5140622]), array([4.24444796]), array([7.86397002]), array([10.53831316]), array([6.05542705]), array([7.59545398]), array([9.05778799]), array([3.92491411]), array([10.55954504]), array([5.20282809]), array([6.31476208]), array([8.72347514]), array([7.53274202]), array([1.37489106]), array([10.2957651]), array([9.72338097]), array([8.77245103]), array([5.46675114]), array([3.13116622]), array([6.95362202]), array([1.78184496]), array([4.89179302]), array([10.90876708]), array([3.62507808]), array([6.38400402]), array([1.05672083]), array([7.80774703]), array([9.47054905]), array([-0.44572888]), array([9.00206]), array([10.89742515]), array([7.97057811]), array([2.5360721]), array([7.99202421]), array([8.86278003]), array([8.65178414]), array([1.33048305]), array([3.37934294]), array([3.35691705]), array([7.88036297]), array([6.7007381]), array([5.81392204]), array([2.67033511]), array([10.57308418]), array([7.51571501]), array([2.4034121]), array([5.2216232]), array([8.78528798]), array([3.91659123]), array([5.00633413]), array([4.07062211]), array([7.20656013]), array([8.18467113]), array([7.10230312]), array([2.8317711]), array([7.50214213]), array([4.04798608]), array([9.33386711]), array([5.73912813]), array([5.09813411]), array([8.73115412]), array([4.2254591]), array([9.66129708]), array([4.19778308]), array([3.94794416]), array([7.53116813]), array([7.3351231]), array([1.94206611]), array([6.1520851]), array([8.60695899]), array([8.14667297]), array([6.97706811]), array([0.40415409]), array([7.10460295]), array([3.62080507]), array([10.16300515]), array([9.47510119]), array([6.85308906]), array([7.95557513]), array([9.54926301]), array([7.53649215]), array([5.59632608]), array([12.38578911]), array([9.84797705]), array([9.9358402]), array([4.49892519]), array([3.70280815]), array([8.30433402]), array([9.7129861]), array([7.07937609]), array([1.63419903]), array([5.21461]), array([5.61445809]), array([8.99976711]), array([5.09736709]), array([8.98653196]), array([7.58028519]), array([4.13893305]), array([8.56360407]), array([0.49947304]), array([7.93259599]), array([6.8707472]), array([1.90337909]), array([8.91899708]), array([6.81762613]), array([5.5480631]), array([9.47353516]), array([3.89689504]), array([8.16738409]), array([11.36493708]), array([5.71970608]), array([9.37485418]), array([5.76533209]), array([2.32419503]), array([11.8736272]), array([2.76590705]), array([1.28701209]), array([7.98820214]), array([9.94365998]), array([-0.001423]), array([11.46772501]), array([7.34243903]), array([5.525676]), array([6.52429115]), array([8.73751311]), array([5.59255206]), array([6.35664191]), array([7.20548515]), array([0.20740807]), array([5.85514212]), array([8.26069409]), array([2.74244506]), array([5.93765397]), array([7.46182299]), array([5.92312604]), array([7.70334903]), array([5.88043095]), array([5.68910813]), array([8.00179908]), array([7.26105611]), array([3.01299597]), array([5.68956607]), array([4.68889105]), array([4.36069108]), array([4.12417197]), array([9.52846413]), array([7.70665011]), array([8.55375911]), array([7.17891511]), array([3.71254601]), array([6.4825041]), array([5.3110101]), array([11.525767]), array([5.51879308]), array([7.46504906]), array([6.00947812]), array([5.62133209]), array([1.32829219]), array([8.41480708]), array([8.65645302]), array([1.98456309]), array([11.85247614]), array([7.34595207]), array([6.83793101]), array([10.43027806]), array([10.8764251]), array([4.21347804]), array([2.82548488]), array([9.44029409]), array([7.71449897]), array([9.88811409]), array([9.85953503]), array([3.73606624]), array([7.34483002]), array([8.21218702]), array([-0.57634585]), array([8.22812903]), array([1.35667613]), array([0.81364006]), array([6.19731411]), array([6.93952299]), array([9.36426409]), array([8.0785031]), array([11.04574015]), array([8.01214315]), array([8.46994106]), array([5.90963317]), array([5.99039003]), array([6.6208961]), array([3.78209304]), array([5.68679509]), array([4.47772413]), array([5.57022308]), array([7.38131105]), array([5.74923807]), array([8.84317511]), array([1.97522613]), array([3.67949212]), array([7.98014704]), array([7.01349896]), array([7.33140616]), array([7.91576217]), array([5.49898002]), array([2.92954799]), array([3.43787711]), array([7.10746812]), array([4.00153711]), array([0.43884608]), array([4.29936711]), array([4.83578595]), array([6.01469312]), array([10.5725601]), array([8.28879119]), array([6.68734301]), array([4.8962091]), array([4.09878404]), array([2.62112202]), array([6.68074808]), array([5.15056918]), array([5.85812612]), array([8.93053602]), array([5.53099111]), array([9.89004595]), array([8.91117913]), array([9.52126825]), array([4.50966314]), array([-0.36817594]), array([5.73480399]), array([7.6726781]), array([4.12565701]), array([4.69024614]), array([5.78163805]), array([6.95427303]), array([0.97764603]), array([3.99040807]), array([6.12638017]), array([7.73526298]), array([5.19194197]), array([8.61763103]), array([7.74290003]), array([6.48660317]), array([5.40398909]), array([0.64984406]), array([10.1939291]), array([6.53450005]), array([0.58865306]), array([5.21394105]), array([8.47895015]), array([5.05871204]), array([5.59170314]), array([8.428456]), array([10.17160006]), array([6.8101721]), array([3.74039602]), array([4.37303109]), array([6.99261112]), array([6.32111504]), array([10.71167614]), array([7.14750101]), array([3.32585111]), array([7.24789612]), array([2.58697599]), array([11.67420411]), array([9.16109313]), array([8.68790619]), array([4.87440309]), array([6.56883609]), array([3.97658009]), array([5.41962807]), array([5.92336403]), array([4.28691513]), array([8.92614116]), array([8.78474412]), array([6.92460203]), array([8.18563496]), array([6.10696709]), array([10.17486401]), array([9.30070509]), array([7.19131312]), array([8.6735]), array([2.93585699]), array([6.29766608]), array([6.35588614]), array([7.63117608]), array([6.16576205]), array([5.72246406]), array([3.04282416]), array([12.91590415]), array([9.60056806]), array([-0.06501692]), array([2.38244211]), array([3.8757031]), array([-0.01840086]), array([2.89919815]), array([7.30666309]), array([3.78930611]), array([6.57896606]), array([10.43356513]), array([3.51038008]), array([7.734357]), array([6.44810109]), array([3.77134305]), array([6.39750097]), array([9.89286901]), array([7.55846609]), array([6.54545905]), array([5.67918399]), array([11.25984916]), array([6.32828005]), array([1.16829703]), array([8.5597661]), array([6.30762797]), array([4.85505719]), array([3.10200402]), array([7.89420905]), array([3.02892698]), array([5.86831116]), array([9.71140802]), array([8.26266611]), array([7.10094507]), array([5.30886916]), array([4.35013593]), array([7.93915706]), array([5.27753598]), array([1.63639815]), array([6.23960415]), array([8.22412605]), array([6.76708203]), array([6.4153721]), array([6.68914806]), array([0.3344711]), array([2.96256507]), array([8.59524305]), array([9.52400513]), array([11.38823414]), array([5.16247418]), array([2.22522912]), array([7.71821519]), array([11.24313512]), array([9.71715106]), array([3.972798]), array([7.75124303]), array([1.36624409]), array([2.68676803]), array([2.48796109]), array([6.24581901]), array([9.02598725]), array([3.61777104]), array([6.52665209]), array([7.14125711]), array([0.23115807]), array([7.182201]), array([7.99127615]), array([2.96437909]), array([7.93461709]), array([10.45986209]), array([7.14951506]), array([7.5238841]), array([6.47702807]), array([10.13175919]), array([2.81209598]), array([7.46378206]), array([8.44242105]), array([8.99140112]), array([7.38207705]), array([10.97566913]), array([8.12942418]), array([6.89769003]), array([11.58516508]), array([3.71996505]), array([8.04075096]), array([5.70371609]), array([6.04714317]), array([9.28190106]), array([7.84556715]), array([4.827595]), array([8.68559608]), array([9.24387699]), array([7.49458203]), array([4.76620901]), array([3.88431412]), array([9.45497807]), array([1.79913703]), array([8.03193204]), array([6.52387011]), array([10.12933017]), array([12.12617599]), array([9.46358003]), array([5.04953403]), array([1.35245915]), array([6.72762013]), array([6.51213394]), array([0.57320113]), array([1.70997629]), array([9.78641901]), array([6.44063815]), array([1.43491617]), array([10.19315804]), array([6.96172917]), array([4.50400201]), array([11.03052808]), array([2.36765699]), array([3.94556302]), array([4.58694302]), array([10.05650512]), array([3.2552791]), array([2.07894811]), array([4.24653506]), array([0.63825812]), array([8.7263391]), array([10.29519508]), array([10.9407321]), array([4.94353111]), array([9.193131]), array([9.37963409]), array([8.14835307]), array([6.76764108]), array([6.61384215]), array([2.67578617]), array([7.93675418]), array([12.45573507]), array([9.67960018]), array([9.53219402]), array([9.33615996]), array([7.55010509]), array([8.40932312]), array([9.88585409]), array([4.97992709]), array([1.31004908]), array([6.79619007]), array([8.46890606]), array([1.56657219]), array([9.25955004]), array([3.09267202]), array([8.14301592]), array([11.18116006]), array([2.43489207]), array([6.69503206]), array([5.63596811]), array([8.24920808]), array([6.47400822]), array([6.76183917]), array([10.2049981]), array([1.93273712]), array([7.0906201]), array([8.57682905]), array([11.48460012]), array([3.01826511]), array([0.34090101]), array([11.65039613]), array([11.27990708]), array([-0.10649794]), array([7.56441606]), array([3.171075]), array([9.15489216]), array([6.72899108]), array([3.68058218]), array([8.37315004]), array([3.50242516]), array([10.01394808]), array([7.35055606]), array([8.09972011]), array([8.12362416]), array([5.69968703]), array([4.34808713]), array([4.13603909]), array([8.52920506]), array([8.32892793]), array([8.60842903]), array([6.20247006]), array([4.693698]), array([7.61823111]), array([13.57866908]), array([8.85670405]), array([8.7940291]), array([7.22874208]), array([8.23348604]), array([6.65101321]), array([12.88319799]), array([10.11728403]), array([7.52882312]), array([6.01346207]), array([5.29532903]), array([-0.96761899]), array([8.89791711]), array([11.2340722]), array([3.60673812]), array([5.80199006]), array([8.45034914]), array([10.3160081]), array([4.25091807]), array([11.40516207]), array([12.13925306]), array([9.24543305]), array([4.29025617]), array([7.83727405]), array([8.39709099]), array([6.1809781]), array([7.33057118]), array([6.76557005]), array([10.22451604]), array([4.51552297]), array([9.99689901]), array([0.76942802]), array([8.95059297]), array([6.93349216]), array([0.10237607]), array([3.03208512]), array([9.45652893]), array([8.74133398]), array([1.64391007]), array([1.04437503]), array([4.60649903]), array([3.7612281]), array([1.49688014]), array([10.98417706]), array([7.95524299]), array([7.96929498]), array([7.24711812]), array([2.10392909]), array([3.4142842]), array([3.37389801]), array([5.57797312]), array([7.17427807]), array([3.51435799]), array([9.30854309]), array([0.40064208]), array([6.9879201]), array([-0.94989579]), array([4.080102]), array([2.16702807]), array([1.40050513]), array([7.54149111]), array([4.69692611]), array([9.50954315]), array([6.31338503]), array([6.62298019]), array([7.09224911]), array([5.29263205]), array([7.01669188]), array([8.97810115]), array([7.13451412]), array([2.42812407]), array([7.95841199]), array([8.57168911]), array([11.6859201]), array([8.17996912]), array([2.66559306]), array([2.25874611]), array([8.06534706]), array([6.89538313]), array([6.86456299]), array([9.19025202]), array([2.17945608]), array([5.78447008]), array([3.75490204]), array([8.73406893]), array([7.6430301]), array([7.44751401]), array([6.31292108]), array([4.1840921]), array([11.33315299]), array([1.15442398]), array([4.86502607]), array([3.92990104]), array([3.50770009]), array([11.46708311]), array([3.95487606]), array([7.0202911]), array([6.60178706]), array([9.02250109]), array([2.44961508]), array([6.93858014]), array([9.35173699]), array([7.6641421]), array([1.36642403]), array([3.50120914]), array([7.13455703]), array([1.5578511]), array([4.34408809]), array([7.04760512]), array([5.55701503]), array([7.0519751]), array([2.89625008]), array([3.4352291]), array([6.6306901]), array([4.44654608]), array([5.28074607]), array([12.13499999]), array([5.14542696]), array([4.30023707]), array([1.68457012]), array([3.79487007]), array([2.01781703]), array([4.07972204]), array([-0.07447788]), array([7.25746609]), array([11.45159316]), array([9.89105099]), array([7.10624614]), array([5.08492107]), array([8.65056506]), array([8.50419521]), array([6.27798015]), array([10.75341808]), array([10.15003416]), array([9.14910609]), array([6.201206]), array([10.10523416]), array([7.60151108]), array([4.75072812]), array([9.32228103]), array([10.52505107]), array([-0.52559288]), array([10.71417696]), array([7.93553017]), array([3.14602308]), array([8.90067503]), array([8.67103]), array([6.17729802]), array([6.53498212]), array([7.50851997]), array([6.27831208]), array([11.771758]), array([8.32387804]), array([7.00090207]), array([6.75375303]), array([2.913427]), array([7.12462605]), array([5.6560711]), array([11.89090897]), array([8.90524507]), array([10.49772003]), array([8.39841096]), array([6.48142103]), array([5.83265699]), array([3.44004422]), array([8.62480302]), array([3.086756]), array([2.00532911]), array([5.70714609]), array([7.64891808]), array([1.9999121]), array([9.53710897]), array([3.90200898]), array([7.60549896]), array([5.85321698]), array([6.37372905]), array([6.58077882]), array([10.56133514]), array([6.841097]), array([6.89100511]), array([11.78880806]), array([9.55433111]), array([5.29099218]), array([6.41212799]), array([11.32578701]), array([8.48603614]), array([6.48041511]), array([5.29320302]), array([3.46225411]), array([6.87951605]), array([13.05134209]), array([4.47830018]), array([7.61816503]), array([7.60621709]), array([1.26780603]), array([12.00518702]), array([6.70629823]), array([7.92042901]), array([6.76519407]), array([6.84742406]), array([9.30629615]), array([0.73615308]), array([9.42142202]), array([2.02763006]), array([2.27606702]), array([9.67000308]), array([5.37005906]), array([5.41194409]), array([6.28899919]), array([8.32537113]), array([6.59880813]), array([3.99956203]), array([6.676477]), array([4.65513008]), array([10.53555101]), array([9.64061716]), array([10.17436806]), array([2.11164301]), array([8.48023799]), array([10.17421608]), array([7.00727792]), array([5.11812012]), array([7.38140309]), array([8.8811181]), array([11.13536008]), array([9.70595717]), array([0.37865414]), array([6.00363008]), array([7.53165306]), array([14.53041109]), array([8.21869001]), array([4.87193817]), array([0.149363]), array([6.28364709]), array([8.82809709]), array([0.538428]), array([6.85700802]), array([4.7574041]), array([8.26665099]), array([6.97249515]), array([6.96343617]), array([2.13369812]), array([9.50253114]), array([9.99561911]), array([5.54134915]), array([8.24992215]), array([3.49675006]), array([7.77921709]), array([6.32555607]), array([7.73066706]), array([7.7387181]), array([2.87797703]), array([9.32258004]), array([4.67907007]), array([8.09133812]), array([5.71739916]), array([7.74487907]), array([5.77023604]), array([2.77196411]), array([4.18920599]), array([9.84690116]), array([2.64895902]), array([4.78075305]), array([5.23775119]), array([7.34832716]), array([6.85188205]), array([4.55653205]), array([5.25024804]), array([4.10350701]), array([5.05819006]), array([6.20791217]), array([3.25630289]), array([6.87681203]), array([10.5166731]), array([0.4528]), array([1.83579815]), array([12.32245908]), array([5.63621097]), array([6.98635706]), array([-0.64266697]), array([2.32109398]), array([11.92870712]), array([5.77023604]), array([4.30869309]), array([6.93258906]), array([2.16421915]), array([6.8922121]), array([7.4332731]), array([8.28475301]), array([7.18738802]), array([8.84923119]), array([-0.95338488]), array([9.65894419]), array([7.33645499]), array([8.10832509]), array([4.5482041]), array([3.52636515]), array([4.25509205]), array([1.62355806]), array([6.52052504]), array([9.52278507]), array([1.15533111]), array([10.68601797]), array([7.80152394]), array([8.66672611]), array([7.35512201]), array([5.5531509]), array([7.29358703]), array([4.35798015]), array([11.97023917]), array([9.06354008]), array([5.58865205]), array([12.67059605]), array([8.15942819]), array([2.39851219]), array([3.97381798]), array([8.79621007]), array([7.84175399]), array([5.19044905]), array([3.26923211]), array([3.45575613]), array([7.54604306]), array([7.29475114]), array([8.23553909]), array([8.82855806]), array([3.878392]), array([5.1761581]), array([3.74104916]), array([8.07477912]), array([10.07614101]), array([9.20432907]), array([4.05109315]), array([4.08432419]), array([5.45841204]), array([8.70115003]), array([3.83229604]), array([3.05050501]), array([7.07461513]), array([9.34371508]), array([2.26702608]), array([4.83809502]), array([5.42847709]), array([8.33657502]), array([6.68367506]), array([7.14949711]), array([7.72720506]), array([7.46511506]), array([5.27298904]), array([9.09019204]), array([8.61319799]), array([2.62589496]), array([-1.22128695]), array([6.55572304]), array([5.19015205]), array([7.96831309]), array([7.39042607]), array([0.74462305]), array([5.03279208]), array([6.99526297]), array([1.2865421]), array([1.63480207]), array([6.41176311]), array([9.28707018]), array([10.61496507]), array([9.86527703]), array([7.84492908]), array([10.55370118]), array([4.63150212]), array([9.0916701]), array([9.6772961]), array([6.85203211]), array([3.52206305]), array([11.10346299]), array([13.85010796]), array([1.78269313]), array([4.62929491]), array([9.04216195]), array([7.31822906]), array([2.01500013]), array([13.29211003]), array([10.90753608]), array([3.92053405]), array([10.15595705]), array([8.3456021]), array([8.91603204]), array([5.93987215]), array([10.95873712]), array([8.46958405]), array([12.45873403]), array([4.72227307]), array([9.92995308]), array([9.18442609]), array([7.53743118]), array([8.29706712]), array([6.27317305]), array([5.22365111]), array([7.80856499]), array([5.91646004]), array([7.51608913]), array([4.40490809]), array([5.35599308]), array([13.26280205]), array([7.66366707]), array([4.80934803]), array([2.65974004]), array([7.94575408]), array([6.70729706]), array([3.96169409]), array([8.24459204]), array([10.80293715]), array([10.14880801]), array([5.94484906]), array([11.24981404]), array([5.75077109]), array([7.72399405]), array([7.44193098]), array([9.09535713]), array([0.56258726]), array([6.22795411]), array([5.51447409]), array([4.86349306]), array([8.16484411]), array([10.86832305]), array([9.42682909]), array([7.48849896]), array([5.39337711]), array([8.1824381]), array([4.76857807]), array([9.89936002]), array([6.11748003]), array([1.67668896]), array([8.58865806]), array([4.27424005]), array([3.39950306]), array([5.93138694]), array([3.87823105]), array([8.06095011]), array([7.62582102]), array([5.86961308]), array([12.28718598]), array([1.74334102]), array([6.44969407]), array([9.40994513]), array([8.31668316]), array([8.23509411]), array([4.434089]), array([7.70783801]), array([7.63863412]), array([4.14707506]), array([4.67220599]), array([9.45715215]), array([9.24011598]), array([5.01824102]), array([7.00609799]), array([3.58362506]), array([2.79247011]), array([11.00674806]), array([9.48914007]), array([1.33022317]), array([5.75233712]), array([2.77958207]), array([7.56932008]), array([1.33038406]), array([9.85620415]), array([5.74323626]), array([5.954817]), array([3.74293914]), array([4.86851114]), array([8.76325599]), array([9.19696615]), array([3.21830311]), array([2.78380011]), array([9.30361103]), array([6.63752119]), array([9.21313006]), array([7.77217017]), array([1.19558701]), array([5.53194608]), array([1.55636801]), array([9.70082316]), array([9.28025507]), array([5.34656195]), array([8.49049201]), array([8.03740815]), array([4.49836702]), array([9.28508218]), array([4.42701008]), array([8.43932507]), array([7.13675912]), array([2.62747104]), array([1.53674207]), array([-0.44820593]), array([10.15480899]), array([4.51201807]), array([7.30353297]), array([2.27135013]), array([6.9864781]), array([7.73992711]), array([2.26924808]), array([7.05627106]), array([8.92118804]), array([8.40925513]), array([5.44498222]), array([6.11649506]), array([3.507057]), array([3.71977912]), array([1.26085412]), array([-0.26875889]), array([6.591282]), array([7.00038711]), array([10.61621005]), array([8.24287113]), array([8.00604901]), array([6.10476211]), array([3.2001671]), array([5.70682009]), array([0.46166408]), array([8.74388103]), array([10.46829507]), array([5.14192714]), array([0.96658904]), array([7.84113318]), array([2.05422614]), array([9.85507418]), array([6.01787199]), array([5.24815407]), array([0.32293506]), array([8.74300111]), array([10.22388806]), array([11.28745615]), array([9.60482702]), array([6.91443199]), array([4.23986704]), array([2.38597704]), array([5.16158804]), array([13.80696904]), array([7.60804795]), array([5.94520015]), array([2.43464504]), array([8.50474306]), array([5.12849916]), array([3.16102608]), array([9.44225109]), array([6.88856097]), array([8.70518011]), array([2.38937112]), array([4.10321709]), array([6.82853907]), array([9.9554141]), array([6.19644509]), array([4.29060507]), array([6.08133705]), array([6.93454005]), array([8.65568105]), array([5.08993099]), array([11.13424205]), array([3.93180609]), array([5.86439012]), array([8.63304307]), array([5.97915406]), array([11.63183902]), array([7.63088505]), array([6.504114]), array([8.20438622]), array([7.94469605]), array([11.74647613]), array([6.43124603]), array([6.85147896]), array([3.85720509]), array([4.02707399]), array([4.88390309]), array([3.2272281]), array([7.63196806]), array([7.8901021]), array([0.44602901]), array([4.95455406]), array([6.09847001]), array([13.83200403]), array([5.98631016]), array([6.80142918]), array([6.41563516]), array([0.24799011]), array([2.82795712]), array([7.44188316]), array([6.04998908]), array([3.75092906]), array([6.93731216]), array([8.49095712]), array([5.82021114]), array([6.69954802]), array([6.71185702]), array([6.33649096]), array([0.11837014]), array([8.34379409]), array([7.43114303]), array([6.51790417]), array([1.78341105]), array([3.08630906]), array([8.04404008]), array([6.52704206]), array([6.78424308]), array([10.77033606]), array([9.27281409]), array([5.92705198]), array([0.96056405]), array([9.30863114]), array([7.78374211]), array([7.78453408]), array([9.44010003]), array([6.11329015]), array([7.74794504]), array([7.577889]), array([1.79428499]), array([4.98719113]), array([3.43118002]), array([6.70415407]), array([-0.49682992]), array([9.71252519]), array([5.34064006]), array([10.74892504]), array([6.95565111]), array([7.13191314]), array([10.7246732]), array([4.15242205]), array([10.1235761]), array([7.91464116]), array([5.15155999]), array([5.58959402]), array([8.81014608]), array([6.15717308]), array([10.11922114]), array([-0.12510583]), array([7.20997416]), array([5.95707916]), array([6.81829599]), array([7.10089404]), array([4.91430309]), array([10.09883117]), array([6.36655106]), array([2.52647804]), array([9.19756703]), array([5.91187707]), array([11.11279809]), array([5.33367207]), array([7.41492721]), array([7.54323396]), array([8.11797903]), array([10.35863916]), array([5.49114613]), array([6.89503112]), array([3.97405711]), array([8.35014912]), array([11.23191596]), array([5.34859195]), array([3.43826005]), array([4.14849309]), array([7.97926412]), array([4.73714798]), array([-0.06193198]), array([9.54295708]), array([10.85996914]), array([3.83571899]), array([8.06692816]), array([10.73129404]), array([3.93100897]), array([5.40933807]), array([8.714027]), array([6.83672916]), array([9.31249112]), array([1.45052212]), array([7.80652011]), array([3.55110996]), array([2.33574208]), array([7.72508407]), array([6.91922808]), array([5.54788509]), array([6.23179403]), array([0.98493211]), array([11.47858906]), array([0.54110016]), array([9.38874311]), array([4.20509504]), array([4.30411303]), array([7.45583494]), array([-0.49928199]), array([7.41348009]), array([2.75525909]), array([7.58751006]), array([9.01654702]), array([5.1628121]), array([4.57661816]), array([6.97166805]), array([9.1107321]), array([-0.61542683]), array([0.61551598]), array([-1.51300285]), array([-0.49372392]), array([7.96968102]), array([8.55744604]), array([3.24652308]), array([6.74529413]), array([6.61578911]), array([4.00160397]), array([3.91027005]), array([7.64591708]), array([9.86179209]), array([11.65561419]), array([9.9400191]), array([1.03795707]), array([11.36749009]), array([3.68928612]), array([11.66593197]), array([6.85095812]), array([11.19189309]), array([4.35525214]), array([4.3686811]), array([11.524373]), array([3.53830705]), array([9.60519805]), array([10.74065316]), array([1.44688705]), array([10.30458614]), array([3.60249397]), array([4.27849006]), array([6.67902514]), array([1.18327115]), array([5.93356803]), array([11.25026105]), array([6.3212201]), array([3.24922311]), array([8.59810113]), array([5.27925106]), array([1.57749208]), array([6.62568908]), array([7.76971012]), array([5.43216208]), array([-0.6775309]), array([5.62703604]), array([11.33781505]), array([7.08298005]), array([13.17649614]), array([7.42383309]), array([5.95447602]), array([2.56371404]), array([3.40180504]), array([5.06451202]), array([5.53882704]), array([2.90124012]), array([6.44963514]), array([2.64341113]), array([0.78155408]), array([9.93673395]), array([10.14746003]), array([11.06236611]), array([3.97702413]), array([2.49128404]), array([2.50612105]), array([4.91878511]), array([9.22237714]), array([12.6231821]), array([9.52106515]), array([-0.17852295]), array([10.48564805]), array([6.8714641]), array([9.42354896]), array([10.36825115]), array([8.74058106]), array([9.54318606]), array([7.28529404]), array([2.02845711]), array([6.48377908]), array([9.51695203]), array([6.5847691]), array([1.85973108]), array([8.58292706]), array([4.30966903]), array([10.17048219]), array([2.63075405]), array([6.53442711]), array([8.90445596]), array([0.80858006]), array([4.81663813]), array([4.14304301]), array([8.2185521]), array([7.94684111]), array([1.64886699]), array([10.26954403]), array([2.02483906]), array([8.68192712]), array([7.23301414]), array([9.28671915]), array([5.9908801]), array([7.60390308]), array([8.35038511]), array([4.23426917]), array([1.65987409]), array([3.05763405]), array([5.96434115]), array([3.90072407]), array([2.66758105]), array([8.77045305]), array([5.38166526]), array([13.16011606]), array([7.83642507]), array([10.27169311]), array([10.45582012]), array([4.93425606]), array([11.33721012]), array([3.12883416]), array([7.88605711]), array([2.39567104]), array([8.21727003]), array([4.71441015]), array([10.64451605]), array([6.51331414]), array([6.08665009]), array([7.56432789]), array([1.36442203]), array([7.64316812]), array([0.343289]), array([3.10052004]), array([9.26548921]), array([1.02812603]), array([9.37198712]), array([0.21858905]), array([7.68964608]), array([7.90207701]), array([6.73614015]), array([8.71989103]), array([-0.13975296]), array([4.75492614]), array([5.17654202]), array([0.8698631]), array([10.06140305]), array([7.57891803]), array([10.42000205]), array([4.54936105]), array([6.85007301]), array([4.199674]), array([7.80044509]), array([5.95212709]), array([2.85721707]), array([9.95194802]), array([8.22352717]), array([10.79977907]), array([5.13429008]), array([6.73290305]), array([6.48047814]), array([8.88613107]), array([9.55256705]), array([5.79542008]), array([7.21015408]), array([10.12607002]), array([1.62071407]), array([1.03221501]), array([7.26695404]), array([1.2280082]), array([6.52891905]), array([10.79487012]), array([7.43629904]), array([4.76850917]), array([3.542869]), array([7.75791705]), array([9.50070893]), array([9.12932707]), array([3.161556]), array([6.56695108]), array([7.89241499]), array([9.91793017]), array([3.09617706]), array([5.51062897]), array([4.52260504]), array([3.23630713]), array([2.97779516]), array([1.06672098]), array([3.99939798]), array([9.48404013]), array([6.80319304]), array([6.47675197]), array([7.27944812]), array([9.46817904]), array([9.88068901]), array([5.97366401]), array([10.45428504]), array([3.8367441]), array([6.84280616]), array([10.11391612]), array([8.47086606]), array([4.23440106]), array([7.19698703]), array([3.50370007]), array([9.05597198]), array([8.14524888]), array([5.38142202]), array([5.49897615]), array([3.01106306]), array([3.45097811]), array([2.8494741]), array([4.296631]), array([2.77677799]), array([3.35916411]), array([7.92801915]), array([7.66526003]), array([4.82037694]), array([3.86086214]), array([12.43592614]), array([1.07373814]), array([8.39503202]), array([7.35124]), array([2.50990514]), array([6.9929581]), array([3.20016312]), array([2.18369505]), array([7.21481906]), array([6.35816113]), array([8.19356003]), array([5.7716611]), array([8.25391114]), array([13.06710417]), array([9.87911407]), array([4.600339]), array([11.19189309]), array([1.50623908]), array([8.54979602]), array([8.89925708]), array([7.84081716]), array([10.1619291]), array([12.16299809]), array([10.6013381]), array([5.31329214]), array([5.33329814]), array([11.43659106]), array([7.9364081]), array([10.69986313]), array([5.35278808]), array([4.08402206]), array([6.710085]), array([11.17307324]), array([5.00733911]), array([6.10843103]), array([7.73408895]), array([9.6170071]), array([6.77363404]), array([6.16536119]), array([7.15945711]), array([6.48118208]), array([6.39562412]), array([9.8678641]), array([8.2108151]), array([10.2223061]), array([5.7710771]), array([9.48624402]), array([1.9728121]), array([11.02608309]), array([5.8435411]), array([12.76740007]), array([8.89832713]), array([-0.45620895]), array([6.74562614]), array([11.42418215]), array([8.83041405]), array([7.02955792]), array([3.34386316]), array([11.31313905]), array([4.76443612]), array([8.090186]), array([7.16296904]), array([8.48275814]), array([10.96315912]), array([7.98564915]), array([6.68692115]), array([3.82431703]), array([8.0386191]), array([9.93031819]), array([3.24721619]), array([3.60383904]), array([4.98512907]), array([9.03348999]), array([9.54740211]), array([8.08759915]), array([2.59964412]), array([1.09627806]), array([5.12561909]), array([5.63545311]), array([6.56176408]), array([12.13104716]), array([6.9676041]), array([7.65904103]), array([8.10937313]), array([7.16334704]), array([3.28777803]), array([8.03180319]), array([0.80626107]), array([6.78464506]), array([5.51881406]), array([0.45352418]), array([0.50190607]), array([5.4244992]), array([5.30966716]), array([2.47718402]), array([5.22084302]), array([9.44670709]), array([2.72228612]), array([5.21388604]), array([5.58358117]), array([10.34800617]), array([12.20970307]), array([9.06601017]), array([5.61273205]), array([1.50367106]), array([9.51809018]), array([4.55529795]), array([5.41495005]), array([12.47112607]), array([2.37686091]), array([6.16631909]), array([6.61127905]), array([9.21852218]), array([8.94419006]), array([6.31959403]), array([6.60527711]), array([10.62489019]), array([10.87738014]), array([4.77075308]), array([1.89318305]), array([6.53302105]), array([2.55858811]), array([5.15817412]), array([7.21988304]), array([5.58704411]), array([5.64992796]), array([5.05166208]), array([7.45409118]), array([2.56101501]), array([10.24070504]), array([9.72639018]), array([12.59530611]), array([4.25702008]), array([4.118697]), array([8.58775712]), array([8.24563009]), array([2.57867509]), array([4.40692507]), array([2.46713196]), array([7.45006612]), array([3.36260195]), array([7.20858993]), array([9.76624009]), array([5.47847906]), array([2.20358401]), array([7.94746906]), array([7.04760307]), array([-0.51722299]), array([12.60850706]), array([8.77400506]), array([3.28620004]), array([6.36290211]), array([11.599963]), array([1.86029613]), array([7.71715297]), array([2.90155506]), array([9.92946301]), array([9.86120104]), array([5.25219602]), array([5.4447251]), array([7.48514322]), array([3.94100201]), array([7.90162307]), array([4.53244811]), array([9.29811103]), array([-0.85954085]), array([4.85916104]), array([7.46190814]), array([2.37743614]), array([2.83756418]), array([9.70823106]), array([9.17792208]), array([8.67531618]), array([1.09488415]), array([8.61404714]), array([13.72817819]), array([5.44232717]), array([8.69650106]), array([6.49882812]), array([2.99271302]), array([2.49134106]), array([5.08138504]), array([2.33338604]), array([12.11356408]), array([10.29336106]), array([6.9804181]), array([5.62980808]), array([7.30866307]), array([8.68094303]), array([8.3167112]), array([10.55298508]), array([0.78270715]), array([4.70921016]), array([4.55298401]), array([10.0670871]), array([6.72341013]), array([6.74722104]), array([9.20042211]), array([7.33091999]), array([1.6435031]), array([3.99958816]), array([8.11034327]), array([8.81300912]), array([7.89654016]), array([1.82042401]), array([4.1668572]), array([5.93912609]), array([4.49306608]), array([7.23790199]), array([8.16708901]), array([14.53482711]), array([10.08041716]), array([6.20774702]), array([5.95440505]), array([7.95980805]), array([3.31913213]), array([8.2716891]), array([9.72188404]), array([3.00457099]), array([10.01550002]), array([10.28683115]), array([5.53044897]), array([9.70815602]), array([4.44358699]), array([0.52088715]), array([4.87779507]), array([12.25647211]), array([4.34130794]), array([11.96768816]), array([8.91313899]), array([9.28236721]), array([1.39945302]), array([3.26654013]), array([2.88251612]), array([7.64350206]), array([6.50974902]), array([7.43225205]), array([6.14878813]), array([4.85001616]), array([6.44129902]), array([0.20011512]), array([7.53656405]), array([14.1382041]), array([4.1031721]), array([7.77382713]), array([1.51039516]), array([8.29247196]), array([8.15131016]), array([7.27071406]), array([2.59961403]), array([7.49453606]), array([10.77301493]), array([6.17862816]), array([6.09582505]), array([7.35065594]), array([2.70163912]), array([1.36882011]), array([5.54334608]), array([0.42083004]), array([8.2173071]), array([9.39649509]), array([7.21506504]), array([3.92098603]), array([11.93075701]), array([4.39111415]), array([8.25330508]), array([5.88931713]), array([8.83206306]), array([5.54573613]), array([2.74864912]), array([7.47659096]), array([8.19021815]), array([9.93121796]), array([10.42357909]), array([5.55340911]), array([9.28026696]), array([9.48609313]), array([5.73401511]), array([6.69451313]), array([2.95311104]), array([8.66860901]), array([5.51401313]), array([7.55710996]), array([5.63194208]), array([4.76761099]), array([6.06380204]), array([10.59011522]), array([6.38542805]), array([10.58007709]), array([3.89521105]), array([5.59949017]), array([9.35926412]), array([6.37897506]), array([2.49190718]), array([8.56697406]), array([2.680108]), array([1.33410608]), array([4.83969504]), array([8.45822615]), array([9.23404506]), array([8.26940621]), array([11.03124103]), array([10.52446402]), array([10.98108507]), array([4.05572198]), array([10.36574706]), array([13.11112016]), array([6.37892007]), array([5.026249]), array([2.37533708]), array([4.84334094]), array([13.1172242]), array([7.54459806]), array([9.51018598]), array([13.50106001]), array([4.50684418]), array([4.64778805]), array([3.90951104]), array([3.372252]), array([6.48815111]), array([8.37094798]), array([7.27715615]), array([0.30124308]), array([2.41122104]), array([2.67416505]), array([-0.27376291]), array([6.29059913]), array([8.44827109]), array([4.8141361]), array([9.85517916]), array([3.93724206]), array([7.59204107]), array([4.12920703]), array([8.43694012]), array([3.02402806]), array([7.6176861]), array([1.14786809]), array([10.32396408]), array([9.61541011]), array([7.88210701]), array([6.24682911]), array([5.54165513]), array([1.60011903]), array([4.1276751]), array([4.66309404]), array([7.44749608]), array([3.73617906]), array([8.41399114]), array([2.863924]), array([7.40487604]), array([2.84386313]), array([8.61101506]), array([2.51775501]), array([3.83315006]), array([4.72933706]), array([8.1206542]), array([3.80199806]), array([2.47035708]), array([6.2956461]), array([3.37281606]), array([8.04858508]), array([8.1992951]), array([9.16777409]), array([7.06321613]), array([6.03037807]), array([4.00837995]), array([13.1931901]), array([12.93445911]), array([6.43794302]), array([5.92477104]), array([9.02236508]), array([7.09158704]), array([9.34276406]), array([7.04404298]), array([11.43253801]), array([5.81127806]), array([1.61115002]), array([5.23116597]), array([1.49325707]), array([5.9144031]), array([7.96562019]), array([5.64712211]), array([8.86425096]), array([3.17943103]), array([6.4849831]), array([8.12597599]), array([6.4975851]), array([2.76177405]), array([1.75232705]), array([7.92823711]), array([6.32349324]), array([9.60094706]), array([10.79690607]), array([9.67559809]), array([6.23202105]), array([7.878875]), array([11.68562003]), array([0.67037898]), array([5.48617208]), array([10.57595098]), array([6.25138609]), array([3.37889901]), array([2.79193416]), array([7.60408107]), array([5.60335407]), array([0.23661503]), array([8.36082006]), array([10.16734411]), array([4.35708208]), array([8.81172596]), array([4.74509702]), array([5.31895503]), array([5.51480417]), array([8.82729497]), array([1.02166004]), array([7.50406207]), array([8.34624206]), array([3.06935817]), array([9.65949208]), array([12.79051701]), array([5.11991814]), array([11.51690815]), array([5.911568]), array([3.15525312]), array([4.99366703]), array([8.09524615]), array([3.04911399]), array([7.26933212]), array([10.95287505]), array([9.72765017]), array([8.79051208]), array([4.98762707]), array([9.48186509]), array([3.96276603]), array([1.55215001]), array([4.77601506]), array([4.12720908]), array([1.27936309]), array([2.29414618]), array([3.56525812]), array([4.77809]), array([5.28564316]), array([6.92305413]), array([10.20119909]), array([6.47681202]), array([5.44086109]), array([8.79766911]), array([0.47082594]), array([7.50638908]), array([4.84271813]), array([8.29244618]), array([2.03765604]), array([0.55353407]), array([8.79558314]), array([12.54990016]), array([6.0462771]), array([11.34899801]), array([7.37342514]), array([4.76912915]), array([12.65752511]), array([4.76667313])]","[0.187654542, 0.264360532, 0.160461914, 0.079877807, 0.18584819, 0.241587104, 0.346007438, 0.163969189, 0.258677681, 0.149613602, 0.182653682, 0.099724042, 0.174458089, 0.248325714, 0.201500764, 0.45123789, 0.123516447, 0.201020644, 0.23929829, 0.167209126, 0.278143865, 0.185107334, 0.089704544, 0.151184777, 0.176691656, 0.115448829, 0.137975635, 0.205278886, 0.078951371, 0.118427282, 0.114440523, 0.114867584, 0.137084223, 0.215363138, 0.112277087, 0.097624357, 0.182762985, 0.194299713, 0.174645132, 0.275294545, 0.137249901, 0.159092782, 0.192001678, 0.146861685, 0.090235619, 0.211134558, 0.105710191, 0.196511347, 0.455025706, 0.163394132, 0.166865883, 0.071779181, 0.155230226, 0.399446844, 0.154798101, 0.165962975, 0.153015424, 0.151225412, 0.209613056, 0.204506678, 0.145973626, 0.143286507, 0.238825898, 0.096348624, 0.129212465, 0.096345596, 0.208473296, 0.163819839, 0.170424519, 0.11309511, 0.112481763, 0.119341317, 0.480832139, 0.147490192, 0.254367251, 0.49329204, 0.149991796, 0.164284362, 0.178041998, 0.125153678, 0.120466626, 0.081151723, 0.085998143, 0.140116242, 0.232338478, 0.120310195, 0.205002177, 0.091679999, 0.226294781, 0.0965229, 0.176309497, 0.102926227, 0.123423974, 0.138224954, 0.14167816, 0.110200078, 0.133916131, 0.201887031, 0.116994242, 0.220509767, 0.260800746, 0.090923343, 0.277950471, 0.254850563, 0.157230332, 0.242241683, 0.395710589, 0.526790692, 0.235241157, 0.258331442, 0.401459106, 0.300084665, 0.088073883, 0.161124173, 0.159335187, 0.158945925, 0.246351589, 0.41727293, 0.107861, 0.215737843, 0.531738202, 0.116417686, 0.188502448, 0.544532731, 0.151376897, 0.152401531, 0.289250338, 0.17987362, 0.141614012, 0.121602875, 0.188982603, 0.157587753, 0.080956925, 0.075076628, 0.100901074, 0.075666168, 0.064339897, 0.116013628, 0.135936826, 0.156532662, 0.135586872, 0.109316646, 0.214248161, 0.132853074, 0.166521913, 0.14689541, 0.152817912, 0.115890193, 0.099299049, 0.165357546, 0.294461817, 0.163480277, 0.102955102, 0.186301171, 0.107548761, 0.123274785, 0.173811968, 0.152139959, 0.174751686, 0.088007523, 0.103578204, 0.15737084, 0.110332244, 0.159190851, 0.108965322, 0.16924523, 0.315518883, 0.331428675, 0.101927571, 0.147829734, 0.11229113, 0.121714525, 0.108700332, 0.25293209, 0.124683805, 0.122559754, 0.132451316, 0.141969909, 0.127501978, 0.280262243, 0.260333633, 0.084744079, 0.105114591, 0.107506878, 0.125411047, 0.332817343, 0.172640524, 0.069704408, 0.11159229, 0.115584911, 0.147747668, 0.198653085, 0.107584917, 0.103477952, 0.295915443, 0.223932049, 0.195612039, 0.108637699, 0.108921856, 0.118130627, 0.077478751, 0.184400311, 0.080994076, 0.206069646, 0.098588048, 0.294215167, 0.111024077, 0.151314514, 0.48971606, 0.095192769, 0.148117883, 0.089023269, 0.109856475, 0.175640475, 0.114227013, 0.151521897, 0.086345756, 0.14972222, 0.170527985, 0.19359643, 0.222246682, 0.136433281, 0.158953597, 0.159903556, 0.275334021, 0.166517299, 0.19519131, 0.152653113, 0.089730529, 0.178083011, 0.32886836, 0.133875286, 0.107447598, 0.151289202, 0.140556512, 0.484094993, 0.152144308, 0.217653358, 0.153988278, 0.107693333, 0.119586121, 0.171658793, 0.113996372, 0.248022251, 0.463636529, 0.136913778, 0.103396407, 0.114530131, 0.276745138, 0.124425654, 0.304516651, 0.12486363, 0.150935368, 0.192285399, 0.177918674, 0.215383076, 0.214023705, 0.119052604, 0.152598377, 0.110842492, 0.232022294, 0.124517524, 0.171230595, 0.141536165, 0.178871188, 0.36096524, 0.184928928, 0.110841645, 0.184484178, 0.114628563, 0.117665352, 0.263503055, 0.253268191, 0.153469086, 0.134144036, 0.139381907, 0.126224794, 0.231204122, 0.207429242, 0.16822587, 0.142773985, 0.122531503, 0.208301502, 0.087035842, 0.099204207, 0.182881907, 0.303344669, 0.168620242, 0.135299509, 0.200594208, 0.184843591, 0.143226607, 0.178221405, 0.240018557, 0.10149944, 0.184470423, 0.277162663, 0.115778393, 0.171623403, 0.172032904, 0.283754719, 0.0884789, 0.124778108, 0.194292016, 0.080313096, 0.120123073, 0.152875031, 0.167683037, 0.128418389, 0.184758722, 0.164311391, 0.252251565, 0.103895323, 0.088466654, 0.100536925, 0.083145396, 0.170233038, 0.100229553, 0.123283047, 0.105540406, 0.115269525, 0.200825343, 0.11124267, 0.182257817, 0.159761351, 0.286433481, 0.082880274, 0.148654394, 0.162435242, 0.127650412, 0.291412772, 0.1086198, 0.099483623, 0.160102149, 0.077778987, 0.352295683, 0.093472505, 0.149414057, 0.102487226, 0.155271439, 0.146131999, 0.115364804, 0.154584359, 0.102581605, 0.175545278, 0.167863576, 0.141251796, 0.179494889, 0.146000737, 0.101294102, 0.136653148, 0.553795705, 0.112286844, 0.287941267, 0.15346318, 0.093271419, 0.368729162, 0.129637315, 0.208726159, 0.149059234, 0.13477148, 0.165622929, 0.167811962, 0.183838283, 0.086840381, 0.328219404, 0.165277184, 0.232469298, 0.165227228, 0.11584084, 0.125879228, 0.116042085, 0.357813914, 0.170350888, 0.12490341, 0.193963326, 0.11845104, 0.10497655, 0.186382838, 0.128395338, 0.289327371, 0.229804715, 0.114532122, 0.557807292, 0.310908996, 0.202060107, 0.249510165, 0.157476572, 0.084917661, 0.462896339, 0.171480704, 0.187087797, 0.173890547, 0.095181372, 0.315989291, 0.100128315, 0.180896987, 0.409555451, 0.267162783, 0.245339749, 0.153055407, 0.188379174, 0.297407151, 0.173406447, 0.185906563, 0.110501557, 0.199297189, 0.284202293, 0.331605202, 0.193802639, 0.182502679, 0.130930567, 0.213729977, 0.071139394, 0.112260484, 0.179229948, 0.122356284, 0.174235654, 0.195865319, 0.408027685, 0.082327293, 0.192515878, 0.088375016, 0.180736481, 0.115373708, 0.118074017, 0.110265767, 0.127863304, 0.387002648, 0.390413705, 0.36536055, 0.148499426, 0.229015763, 0.13865672, 0.114060551, 0.11458512, 0.179568908, 0.30673093, 0.082917856, 0.130399552, 0.144004483, 0.077328501, 0.127650646, 0.176513054, 0.21563951, 0.242350413, 0.136631488, 0.153734773, 0.172573286, 0.306686242, 0.124243007, 0.119213869, 0.119014206, 0.158758618, 0.109086659, 0.154731879, 0.132920173, 0.172757269, 0.088404071, 0.169922801, 0.123005749, 0.118511357, 0.130917293, 0.120429932, 0.118089163, 0.276349426, 0.162502958, 0.181120033, 0.212228761, 0.406921775, 0.409852349, 0.154775317, 0.128137224, 0.089353644, 0.250578904, 0.38947433, 0.103760147, 0.192455694, 0.119702132, 0.230422098, 0.078119989, 0.343538622, 0.120688888, 0.120512996, 0.155743799, 0.208089366, 0.081531891, 0.180784235, 0.351198767, 0.100338736, 0.16483179, 0.134451304, 0.132528281, 0.078873089, 0.242040655, 0.268754516, 0.286637586, 0.241386803, 0.171305006, 0.223090989, 0.113578044, 0.126082005, 0.377159432, 0.208794241, 0.260665448, 0.111959294, 0.073105973, 0.133832526, 0.170700527, 0.175207974, 0.115480131, 0.100139389, 0.186867791, 0.132506848, 0.120411091, 0.217774532, 0.102091832, 0.173001625, 0.148568684, 0.290568079, 0.18146299, 0.367319959, 0.165526148, 0.184506687, 0.202308946, 0.129408102, 0.167907638, 0.212034548, 0.101366954, 0.118081348, 0.115722279, 0.125780131, 0.179559297, 0.157568149, 0.186326176, 0.109735642, 0.10551047, 0.127123332, 0.110382154, 0.109083669, 0.16445694, 0.298405545, 0.112795798, 0.152084169, 0.49838923, 0.163445135, 0.117095874, 0.158821419, 0.252713401, 0.098052561, 0.096322882, 0.495910417, 0.195459792, 0.27620275, 0.142356936, 0.167010118, 0.358345231, 0.212989816, 0.117005096, 0.109190194, 0.134329546, 0.18432487, 0.148541975, 0.203143898, 0.138783571, 0.119972712, 0.158340498, 0.103084129, 0.075082203, 0.142008209, 0.235728958, 0.183278892, 0.134095635, 0.155236658, 0.106969835, 0.164581991, 0.141688278, 0.138174507, 0.525765991, 0.470756403, 0.284543166, 0.150361229, 0.230577134, 0.156278692, 0.479561298, 0.175664968, 0.192735768, 0.27692119, 0.333808408, 0.341006978, 0.275383694, 0.26451911, 0.077071005, 0.108541969, 0.102063229, 0.163568626, 0.183365049, 0.161396374, 0.183303685, 0.11656047, 0.206002188, 0.07530653, 0.132887879, 0.115037818, 0.0918906, 0.174947284, 0.559738837, 0.094766565, 0.38867566, 0.096243645, 0.254645331, 0.169542989, 0.147863256, 0.18278239, 0.146294533, 0.13287976, 0.460032349, 0.095233528, 0.095039201, 0.1888038, 0.25841594, 0.17726569, 0.279973762, 0.196201887, 0.11571996, 0.133587981, 0.295423657, 0.33976208, 0.680382969, 0.183987183, 0.15411162, 0.1457831, 0.244110167, 0.1751532, 0.235968124, 0.105403841, 0.204033574, 0.20810798, 0.265669686, 0.16687984, 0.104231134, 0.253162704, 0.116966786, 0.099905035, 0.363575139, 0.256087751, 0.228407821, 0.2501853, 0.204875093, 0.12545139, 0.123878207, 0.098966193, 0.43569239, 0.295694126, 0.173110187, 0.300535309, 0.222961915, 0.142189108, 0.236412905, 0.186507164, 0.15240471, 0.540985784, 0.358893421, 0.247401278, 0.263750485, 0.333714209, 0.295393457, 0.122278725, 0.382786521, 0.126262129, 0.356199593, 0.183042571, 0.180176183, 0.226257452, 0.131283097, 0.229393387, 0.378835182, 0.100273467, 0.183729212, 0.078870988, 0.110586819, 0.178329249, 0.151316497, 0.125405629, 0.175679327, 0.127743363, 0.313874387, 0.226638127, 0.139209866, 0.166398386, 0.093551002, 0.210374178, 0.559310675, 0.490101525, 0.166203392, 0.091106291, 0.591964628, 0.221795234, 0.171744739, 0.270911846, 0.191361778, 0.285219868, 0.127913013, 0.16838634, 0.324943716, 0.177263323, 0.252079013, 0.116235108, 0.310654536, 0.512535122, 0.267466927, 0.486000068, 0.259494695, 0.726366507, 0.122650169, 0.200416576, 0.144800577, 0.155742892, 0.261676869, 0.162110696, 0.204557102, 0.124249256, 0.094601046, 0.141593058, 0.120546924, 0.121809518, 0.286957408, 0.118773639, 0.152663462, 0.18452049, 0.17893711, 0.141811601, 0.338130988, 0.521782407, 0.184063932, 0.152965395, 0.153400149, 0.439685592, 0.257813043, 0.167970475, 0.094540252, 0.165781067, 0.142766881, 0.099506451, 0.106420653, 0.116586289, 0.204507209, 0.10742149, 0.150189632, 0.08762234, 0.340762773, 0.435200188, 0.201200691, 0.32928888, 0.132675965, 0.18845856, 0.205121071, 0.138992936, 0.080376631, 0.204569655, 0.121576059, 0.305668603, 0.15228237, 0.257129963, 0.103817416, 0.143731894, 0.179793796, 0.185341645, 0.313488619, 0.109911708, 0.134493367, 0.102147728, 0.209243887, 0.158115307, 0.248013836, 0.141109248, 0.165184609, 0.22176943, 0.15455512, 0.21950853, 0.189947559, 0.149989969, 0.120354489, 0.146410783, 0.115650139, 0.156877337, 0.113728468, 0.180280507, 0.17863803, 0.122882752, 0.669781442, 0.242774301, 0.080671787, 0.133555677, 0.137364852, 0.216104518, 0.18130454, 0.111109484, 0.091209542, 0.177440937, 0.184131298, 0.270794122, 0.210480287, 0.194743846, 0.120348163, 0.170926294, 0.096653679, 0.153877921, 0.176631244, 0.130619907, 0.188724967, 0.104536756, 0.165146335, 0.541583663, 0.263617997, 0.164529662, 0.122035508, 0.184769867, 0.164039936, 0.166531148, 0.171145736, 0.128392465, 0.191163996, 0.268776404, 0.150126871, 0.568613319, 0.233516634, 0.148387196, 0.277037029, 0.206503782, 0.635836987, 0.178569882, 0.14015827, 0.087117718, 0.14824876, 0.168287527, 0.224910554, 0.271224006, 0.595107962, 0.081164907, 0.287662654, 0.086703833, 0.120659685, 0.0910397, 0.228694824, 0.29501181, 0.07895037, 0.134293653, 0.097265502, 0.146117319, 0.12216488, 0.261210513, 0.213185777, 0.174035876, 0.197541404, 0.077671757, 0.442663854, 0.076950296, 0.100097361, 0.181820584, 0.271596227, 0.202383396, 0.319933954, 0.106576859, 0.299499699, 0.270730175, 0.176356686, 0.376085788, 0.127206733, 0.219530797, 0.207740493, 0.11507362, 0.262063045, 0.448109368, 0.184745864, 0.191155221, 0.521858299, 0.18162043, 0.186207395, 0.153422171, 0.080783619, 0.132071974, 0.194333542, 0.092343924, 0.20810555, 0.097370554, 0.120046713, 0.167233669, 0.205479236, 0.122164037, 0.116202021, 0.161203084, 0.210640354, 0.087434454, 0.081917708, 0.125165974, 0.148414061, 0.117681724, 0.201248773, 0.173704173, 0.092062415, 0.080825529, 0.099592751, 0.122625393, 0.191790771, 0.082496219, 0.125795061, 0.141913298, 0.126450628, 0.094048259, 0.119651422, 0.25553679, 0.133299662, 0.284999128, 0.452640802, 0.103305495, 0.266861397, 0.128541354, 0.169626583, 0.30790352, 0.248831724, 0.098661865, 0.410132195, 0.075885914, 0.1639256, 0.188621587, 0.115850004, 0.540390828, 0.214727194, 0.197169251, 0.189974716, 0.338762668, 0.119795779, 0.362812752, 0.097442727, 0.227539425, 0.199284113, 0.390744599, 0.388207043, 0.141892314, 0.170697317, 0.106710729, 0.325243435, 0.256500888, 0.294410349, 0.107482891, 0.091058843, 0.242320601, 0.157902418, 0.172254593, 0.173631418, 0.358711694, 0.457846076, 0.272204843, 0.304935917, 0.194281568, 0.118806184, 0.185584367, 0.292719965, 0.257656545, 0.135895756, 0.18221345, 0.24174612, 0.109080904, 0.081167586, 0.35522462, 0.135387013, 0.103434432, 0.111986397, 0.107423623, 0.48950268, 0.094609218, 0.244898032, 0.09856288, 0.20694793, 0.177810139, 0.265516637, 0.181228947, 0.284864966, 0.636435995, 0.379034786, 0.777060191, 0.094084352, 0.163726733, 0.20239039, 0.271927614, 0.124333077, 0.214327065, 0.243646549, 0.56654229, 0.116791273, 0.179313944, 0.131397418, 0.238910632, 0.257461848, 0.104355207, 0.282440522, 0.099395426, 0.301341964, 0.133579115, 0.120392713, 0.095263975, 0.313179983, 0.106002117, 0.119830836, 0.176576297, 0.140311764, 0.107239631, 0.109559844, 0.528239772, 0.281009388, 0.083385115, 0.281891689, 0.194868027, 0.214633383, 0.173651191, 0.103058156, 0.165418307, 0.119021318, 0.162807245, 0.118411031, 0.136690382, 0.116956183, 0.223089092, 0.189592323, 0.125241178, 0.148705813, 0.439962205, 0.199396494, 0.152032896, 0.18604811, 0.095639648, 0.262843025, 0.30674983, 0.188740428, 0.177178784, 0.085171819, 0.160442411, 0.118530282, 0.136402436, 0.117052047, 0.174508036, 0.121247177, 0.109082045, 0.163873114, 0.265881351, 0.133250156, 0.213779564, 0.555208997, 0.379095148, 0.122625649, 0.189406968, 0.119375127, 0.258769418, 0.189855283, 0.240804788, 0.260009302, 0.173704698, 0.299981944, 0.45708006, 0.130911159, 0.174555399, 0.225991167, 0.121586391, 0.331955406, 0.173081736, 0.217139889, 0.301390508, 0.2299051, 0.284532837, 0.251354334, 0.072273699, 0.136047408, 0.212415464, 0.151963523, 0.112946785, 0.117440392, 0.161187956, 0.120709364, 0.385246287, 0.096665579, 0.1790976, 0.598767936, 0.165205403, 0.143083098, 0.97564402, 0.186533504, 0.181212144, 0.215140358, 0.259887153, 0.140075845, 0.136271657, 0.177109421, 0.13489919, 0.202937285, 0.193533675, 0.169647402, 0.149248555, 0.124154859, 0.169763838, 0.107716042, 0.128732483, 0.092050065, 0.185112711, 0.292542545, 0.098787795, 0.194938356, 0.117614499, 0.112856747, 0.167876926, 0.203026938, 0.140580622, 0.148956645, 0.248234729, 0.074530011, 0.163591748, 0.126134705, 0.185018328, 0.130508157, 0.095360617, 0.132954418, 0.126808949, 0.141903543, 0.344732794, 0.179649355, 0.151992667, 0.299319588, 0.072037635, 0.109845804, 0.087411775, 0.151402683, 0.123665771, 0.189892799, 0.232748264, 0.219870789, 0.472630996, 0.128644231, 0.105573297, 0.483251421, 0.195344676, 0.125338135, 0.11075567, 0.187971885, 0.121286898, 0.123143166, 0.136247403, 0.113076866, 0.183644865, 0.082238043, 0.137018612, 0.45133754, 0.159679922, 0.139044566, 0.333485573, 0.092131851, 0.400816574, 0.168775639, 0.120035098, 0.129544506, 0.260675814, 0.097972211, 0.238577724, 0.200597869, 0.294849765, 0.215699643, 0.094639298, 0.501449124, 0.084951992, 0.284182845, 0.191464298, 0.20643775, 0.189298127, 0.121445164, 0.075443607, 0.271181581, 0.183325987, 0.083330124, 0.186162033, 0.089701299, 0.215935952, 0.073664348, 0.262431404, 0.126610604, 0.108586759, 0.070225366, 0.106639636, 0.193208097, 0.175634559, 0.183447693, 0.384487702, 0.114738684, 0.12488396, 0.228404549, 0.476127999, 0.287882541, 0.114108575, 0.147617602, 0.094900898, 0.146765075, 0.184456945, 0.092425749, 0.174323206, 0.174436756, 0.241702563, 0.142849633, 0.250425193, 0.166114378, 0.332968642, 0.564644221, 0.305929264, 0.159092225, 0.184336808, 0.123877521, 0.111691107, 0.272154156, 0.127822727, 0.176814798, 0.271872592, 0.196344284, 0.23579867, 0.198972608, 0.190397939, 0.695561739, 0.191131463, 0.154121139, 0.217908715, 0.164016556, 0.8303713, 0.132473517, 0.233980965, 0.183877076, 0.106267141, 0.287687834, 0.146262505, 0.347233974, 0.118964599, 0.105224992, 0.075971387, 0.283560021, 0.134068314, 0.118272657, 0.096584419, 0.207142318, 0.118971446, 0.229583813, 0.086607643, 0.146796183, 0.153870812, 0.134072927, 0.228300153, 0.28493743, 0.160409306, 0.344796685, 0.138403305, 0.145558514, 0.196046222, 0.163750621, 0.264562824, 0.185470432, 0.374364995, 0.298077523, 0.423495852, 0.251864588, 0.105919588, 0.241085869, 0.109246174, 0.096586638, 0.483935867, 0.140224535, 0.412735051, 0.08593322, 0.110195369, 0.117931173, 0.17789179, 0.114930081, 0.414507061, 0.138048959, 0.152116959, 0.239678182, 0.082204094, 0.175828349, 0.205223473, 0.182826382, 0.135656736, 0.196097778, 0.104131966, 0.291335797, 0.106299581, 0.185025881, 0.414836818, 0.288349453, 0.120938574, 0.085165149, 0.107268448, 0.11486856, 0.178753238, 0.093193858, 0.276417627, 0.241448559, 0.160522879, 0.154226479, 0.294817997, 0.187224416, 0.169055527, 0.321151877, 0.122288756, 0.260748211, 0.294934456, 0.310275529, 0.078374688, 0.128152532, 0.556658419, 0.073586566, 0.168113542, 0.116096344, 0.115557579, 0.430119643, 0.196120046, 0.09000659, 0.468202261, 0.298851896, 0.132827773, 0.15108673, 0.139750744, 0.160045922, 0.128384696, 0.264413738, 0.118386906, 0.35451239, 0.129385616, 0.144371179, 0.315361523, 0.152272373, 0.358360673, 0.117603928, 0.214332642, 0.170693087, 0.116429974, 0.250261019, 0.153214674, 0.092753844, 0.107581548, 0.122235165, 0.141341855, 0.117874088, 0.460905545, 0.226700364, 0.203464203, 0.070795334, 0.12734534, 0.152676703, 0.158555282, 0.088462569, 0.077152797, 0.086423444, 0.181796879, 0.341640041, 0.564393601, 0.234329293, 0.196682654, 0.270743271, 0.628920451, 0.265796249, 0.317793962, 0.173912126, 0.462873109, 0.276796843, 0.116743185, 0.122223411, 0.142688875, 0.115219439, 0.140985959, 0.111210297, 0.102497249, 0.109769482, 0.218082288, 0.115374759, 0.160034157, 0.163130522, 0.188829799, 0.259221296, 0.091478487, 0.133550367, 0.294254219, 0.270974034, 0.086451513, 0.104365699, 0.279457691, 0.185711275, 0.214157516, 0.169259834, 0.108805621, 0.185790346, 0.138822192, 0.115757962, 0.223394139, 0.186000684, 0.121353943, 0.115083248, 0.222998734, 0.119994292, 0.183730106, 0.077430529, 0.1433459, 0.116336612, 0.234919314, 0.1299294, 0.252160801, 0.416710566, 0.118985472, 0.123761075, 0.139124036, 0.157475066, 0.098789552, 0.183503158, 0.269932843, 0.15963681, 0.239108002, 0.198681415, 0.143696959, 0.218799504, 0.125703016, 0.133219638, 0.11980929, 0.264213525, 0.405854614, 0.183389293, 0.16141572, 0.41001116, 0.159804761, 0.166268604, 0.192382583, 0.17713463, 0.111621726, 0.180975372, 0.137591178, 0.121722786, 0.166302387, 0.114698112, 0.315892551, 0.091604212, 0.112946515, 0.085587693, 0.34928698, 0.344025582, 0.15721223, 0.073032765, 0.123880631, 0.178730505, 0.239779469, 0.133747387, 0.172996301, 0.217238121, 0.138261712, 0.099399162, 0.168338766, 0.567266582, 0.169603956, 0.203833574, 0.186269818, 0.335602235, 0.119859094, 0.352661519, 0.130285478, 0.1702225, 0.114666241, 0.073295851, 0.079984875, 0.170278137, 0.170869829, 0.11048937, 0.077808855, 0.124948768, 0.188572791, 0.405474349, 0.166213152, 0.128188438, 0.21000357, 0.182681954, 0.082942133, 0.304422404, 0.09914953, 0.170315341, 0.134628184, 0.109615711, 0.169112855, 0.114660339, 0.080143561, 0.128960235, 0.546431878, 0.129116175, 0.186768598, 0.219877871, 0.119513656, 0.119730527, 0.086372349, 0.172166751, 0.216278427, 0.162393579, 0.202530026, 0.247840549, 0.182061873, 0.098265367, 0.108073022, 0.116786802, 0.212387704, 0.157655337, 0.101199012, 0.208014423, 0.078424729, 0.171658083, 0.614810107, 0.398527625, 0.307042232, 0.119052395, 0.196594965, 0.113685431, 0.437317453, 0.457392363, 0.178570443, 0.348714505, 0.107060743, 0.194135859, 0.165113095, 0.164285096, 0.238444785, 0.185844092, 0.277544678, 0.344626607, 0.098307775, 0.128484847, 0.144118295, 0.095507285, 0.097286927, 0.080661257, 0.328790503, 0.231252132, 0.243141541, 0.149606878, 0.181206796, 0.165994681, 0.248369407, 0.127600371, 0.377162531, 0.102680613, 0.439095824, 0.153424576, 0.112232825, 0.222636422, 0.10615152, 0.086214862, 0.295468608, 0.23377757, 0.166667584, 0.121875996, 0.141064022, 0.167075527, 0.125976355, 0.362793998, 0.2780022, 0.127198521, 0.168192757, 0.167569399, 0.202859647, 0.187882064, 0.184042069, 0.149746731, 0.272452307, 0.082016273, 0.302375828, 0.140977387, 0.182430806, 0.120479071, 0.143164619, 0.183165016, 0.132505423, 0.427594324, 0.176611593, 0.100237599, 0.11625917, 0.0736642, 0.130247787, 0.140282321, 0.084706886, 0.186952451, 0.089196782, 0.080056842, 0.097043972, 0.2749801, 0.168440254, 0.187911262, 0.09858255, 0.129363535, 0.137035282, 0.111068238, 0.100526259, 0.136225648, 0.164080445, 0.086291459, 0.159466102, 0.29229212, 0.084470831, 0.189734183, 0.524131762, 0.534923139, 0.179390799, 0.182309434, 0.268904275, 0.237283192, 0.135696026, 0.508714652, 0.303872344, 0.172880024, 0.190989937, 0.339118526, 0.15271543, 0.27484107, 0.126100191, 0.555211515, 0.093952201, 0.182530067, 0.190254747, 0.270938785, 0.1798433, 0.231169446, 0.217704232, 0.123486902, 0.092155062, 0.287670023, 0.177826738, 0.136156474, 0.161461494, 0.09419972, 0.559625407, 0.403542958, 0.134919305, 0.376985547, 0.168968011, 0.618516555, 0.244700988, 0.402043045, 0.333960332, 0.082782731, 0.144602031, 0.126296338, 0.234477453, 0.117488135, 0.18215884, 0.131301008, 0.191347249, 0.177395849, 0.144037291, 0.116583657, 0.143288296, 0.288369605, 0.342199443, 0.168018035, 0.178748458, 0.117492394, 0.131184578, 0.11164433, 0.098627032, 0.111508798, 0.097383873, 0.130511332, 0.135499941, 0.537985813, 0.139621898, 0.203644968, 0.439006484, 0.288935344, 0.4902556, 0.260429776, 0.222109, 0.469901499, 0.39276944, 0.28613076, 0.282598521, 0.392471548, 0.210235847, 0.419212538, 0.205058187, 0.157860118, 0.335934273, 0.494776693, 0.128246965, 0.384342705, 0.140219001, 0.173449795, 0.159444857, 0.194035266, 0.327318689, 0.079962103, 0.252289621, 0.221007904, 0.129636655, 0.103545672, 0.172225033, 0.174875175, 0.123553191, 0.1436722, 0.138742887, 0.469180115, 0.249429561, 0.188936765, 0.44015008, 0.128394773, 0.134150115, 0.174260739, 0.531286942, 0.17999059, 0.130358134, 0.182195379, 0.106241619, 0.241445726, 0.248895985, 0.150607499, 0.44704114, 0.093356055, 0.119295605, 0.207303675, 0.328729617, 0.202326717, 0.110718772, 0.115224049, 0.185834735, 0.1848606, 0.087480075, 0.296301688, 0.152488254, 0.126694571, 0.094265716, 0.134452551, 0.129505404, 0.114010456, 0.096750551, 0.188175359, 0.127963867, 0.086912782, 0.106174712, 0.132060895, 0.229878065, 0.194355868, 0.206580054, 0.101708004, 0.135294911, 0.267889135, 0.194734999, 0.131568386, 0.149236025, 0.194812065, 0.115679879, 0.165862332, 0.119921226, 0.125641668, 0.198179215, 0.26516792, 0.145077945, 0.110488374, 0.086411526, 0.12879465, 0.093326872, 0.12712862, 0.137703179, 0.107342684, 0.111779673, 0.110085154, 0.125333992, 0.172049551, 0.124155876, 0.223548428, 0.296461619, 0.090797928, 0.128509404, 0.181698159, 0.364969579, 0.108670236, 0.131389898, 0.110480398, 0.115488138, 0.136484475, 0.199154115, 0.14523186, 0.164909792, 0.092618881, 0.157481207, 0.116584514, 0.225963724, 0.213180564, 0.119138836, 0.113218695, 0.153726497, 0.174677182, 0.171996275, 0.12821539, 0.380499676, 0.098139558, 0.148132798, 0.095744383, 0.079964823, 0.209944719, 0.182626233, 0.12130931, 0.191201227, 0.107484894, 0.158219302, 0.142978211, 0.313742457, 0.14138637, 0.170407316, 0.137458795, 0.151151307, 0.339369702, 0.091056078, 0.108522045, 0.349051578, 0.298875572, 0.19072492, 0.132428229, 0.18031362, 0.122134816, 0.247498301, 0.119700416, 0.261513904, 0.113679952, 0.359945681, 0.156650515, 0.449745711, 0.208523626, 0.173931138, 0.110633034, 0.163612651, 0.164653075, 0.116888692, 0.188544527, 0.330150468, 0.235933221, 0.101449756, 0.162842878, 0.166498327, 0.183039563, 0.240558703, 0.18470396, 0.183757538, 0.132485272, 0.165098258, 0.134254996, 0.089620112, 0.110842058, 0.269990401, 0.348138915, 0.118627698, 0.270273422, 0.137600349, 0.152522162, 0.11603591, 0.205136607, 0.137068339, 0.213919692, 0.104679159, 0.128087628, 0.194276168, 0.085910401, 0.081765101, 0.161601688, 0.140988919, 0.428748922, 0.218665881, 0.123757707, 0.093334846, 0.399687868, 0.345749559, 0.145470776, 0.265392502, 0.085473977, 0.335833213, 0.132617082, 0.311153797, 0.117495493, 0.308537002, 0.220174386, 0.245207501, 0.185656998, 0.126776735, 0.478712218, 0.346761955, 0.415318906, 0.085457398, 0.308515958, 0.299396313, 0.120036243, 0.152543131, 0.185878193, 0.112389968, 0.075548686, 0.117125718, 0.225612908, 0.309676909, 0.183400375, 0.422144104, 0.145141835, 0.089311806, 0.112738782, 0.192297964, 0.074887581, 0.241425485, 0.155994695, 0.162371172, 0.1422418, 0.299584165, 0.109063714, 0.468239181, 0.108487482, 0.312769712, 0.137618576, 0.116223734, 0.117285559, 0.111744568, 0.360116952, 0.411591943, 0.205779227, 0.173276865, 0.190407689, 0.166923272, 0.228206906, 0.105844574, 0.19544139, 0.191756438, 0.376818592, 0.208095653, 0.086372688, 0.275050831, 0.119746355, 0.091753658, 0.113385018, 0.135563466, 0.077215699, 0.188719575, 0.148878834, 0.170034862, 0.220158083, 0.091808817, 0.435298584, 0.093935843, 0.268058078, 0.176785624, 0.210554953, 0.151162603, 0.238931254, 0.074881016, 0.269771009, 0.113449931, 0.093896719, 0.175041769, 0.402511023, 0.097664729, 0.234831859, 0.134148052, 0.106076481, 0.192560676, 0.164854974, 0.183945606, 0.302820115, 0.176136491, 0.399893616, 0.258161173, 0.259333434, 0.106096229, 0.171036914, 0.21677362, 0.099784002, 0.158528108, 0.197313166, 0.140515788, 0.109888733, 0.242589476, 0.081320725, 0.145812345, 0.122568172, 0.109221457, 0.300350546, 0.12753882, 0.160532382, 0.206578071, 0.142698537, 0.117743164, 0.190516428, 0.120290392, 0.121883006, 0.235602067, 0.117173878, 0.146458792, 0.113884068, 0.183652737, 0.131830773, 0.1127814, 0.149946493, 0.189019374, 0.165144452, 0.071661253, 0.111531498, 0.219352233, 0.074020654, 0.246696654, 0.301271799, 0.232916783, 0.107402306, 0.10815057, 0.177300438, 0.205898571, 0.143244444, 0.150960808, 0.331236674, 0.26255506, 0.237912564, 0.358123991, 0.085748005, 0.109644577, 0.179431675, 0.072881423, 0.151018107, 0.239605298, 0.294212679, 0.102195169, 0.114680944, 0.277326745, 0.372977699, 0.263381785, 0.132388077, 0.137006197, 0.139492678, 0.344839118, 0.147781518, 0.109993177, 0.252459021, 0.130591414, 0.088639355, 0.317864448, 0.155830222, 0.115241118, 0.13210818, 0.100259367, 0.161163507, 0.168163776, 0.105491562, 0.180959572, 0.091873386, 0.183528873, 0.227472019, 0.087744424, 0.113891506, 0.321747813, 0.109587056, 0.111873409, 0.366034763, 0.340367155, 0.194112104, 0.11986047, 0.119840971, 0.107417226, 0.101790835, 0.084250223, 0.408829354, 0.180213216, 0.176124219, 0.12231995, 0.286924683, 0.181488041, 0.177732433, 0.077369375, 0.131229713, 0.227254589, 0.205213012, 0.337872987, 0.104870592, 0.120132106, 0.310508886, 0.214112787, 0.119237539, 0.138358288, 0.086437578, 0.161239035, 0.16416414, 0.124683245, 0.168312063, 0.214417577, 0.12667881, 0.093842997, 0.080761858, 0.178460366, 0.248975383, 0.071778105, 0.454671068, 0.178227077, 0.271842131, 0.153838528, 0.131182462, 0.230907668, 0.257508993, 0.208560014, 0.187909741, 0.268154873, 0.2926298, 0.188715826, 0.125086213, 0.15654206, 0.268380339, 0.179385002, 0.18874616, 0.249997164, 0.099699356, 0.1356322, 0.131214849, 0.231548143, 0.101080844, 0.150348715, 0.167651703, 0.241720529, 0.119762979, 0.083993473, 0.184528843, 0.438073427, 0.076039505, 0.220058132, 0.096606037, 0.126891649, 0.336240877, 0.090546193, 0.186269456, 0.32747591, 0.256814098, 0.080204812, 0.136285939, 0.198352568, 0.279771638, 0.45336739, 0.119039721, 0.110238091, 0.151810795, 0.091890011, 0.599973181, 0.127548075, 0.269354763, 0.222509316, 0.149203968, 0.10457925, 0.080876069, 0.156635193, 0.217371051, 0.145009701, 0.101343768, 0.124026527, 0.248935565, 0.253151892, 0.237545029, 0.429668928, 0.248364933, 0.320303869, 0.172629583, 0.083430521, 0.098573628, 0.09352685, 0.305281011, 0.121502842, 0.104697016, 0.215905348, 0.277125859, 0.12475074, 0.109728153, 0.129480306, 0.515845101, 0.265269253, 0.270743598, 0.455044323, 0.116048103, 0.185870831, 0.105008437, 0.128840693, 0.230038028, 0.169934483, 0.149692645, 0.121102182, 0.132387165, 0.368259232, 0.329757934, 0.192821972, 0.15576207, 0.080109689, 0.277788281, 0.459110828, 0.141716436, 0.107809399, 0.172485253, 0.108010144, 0.179521501, 0.106665981, 0.137075272, 0.101181032, 0.213516212, 0.134029617, 0.183710446, 0.108867339, 0.179758483, 0.186154143, 0.149487662, 0.264461932, 0.092216206, 0.220761084, 0.112197218, 0.139964533, 0.137976284, 0.080759661, 0.121387846, 0.128546694, 0.162448287, 0.111483051, 0.134025208, 0.132058541, 0.089804798, 0.094746087, 0.118688804, 0.275766768, 0.291846247, 0.13026594, 0.269253046, 0.265268395, 0.481048874, 0.414519128, 0.277058723, 0.262327097, 0.083829877, 0.122706666, 0.143341707, 0.096589048, 0.266433938, 0.233658721, 0.081566757, 0.132308029, 0.386815792, 0.130666934, 0.162523366, 0.269599456, 0.177194538, 0.377165745, 0.206361212, 0.123743525, 0.437655478, 0.195699921, 0.128219423, 0.102853241, 0.107726038, 0.417464525, 0.275930306, 0.251188935, 0.261023362, 0.094339353, 0.538350214, 0.142964535, 0.082467802, 0.088074323, 0.305021191, 0.122099856, 0.109452964, 0.102236612, 0.104130853, 0.08577722, 0.169734226, 0.170281139, 0.13779226, 0.271769269, 0.184740963, 0.152065233, 0.195299259, 0.132195304, 0.10275793, 0.1989806, 0.117677564, 0.078930399, 0.241541626, 0.273627495, 0.119960164, 0.144022951, 0.164656582, 0.114502084, 0.091997312, 0.179985528, 0.172114553, 0.166620929, 0.118707355, 0.11008216, 0.08903484, 0.14760113, 0.093899402, 0.19665287, 0.182407313, 0.115768751, 0.266045174, 0.080320446, 0.138081498, 0.185419622, 0.164906253, 0.093162064, 0.135595637, 0.18600805, 0.115600284, 0.13492907, 0.171103033, 0.230114173, 0.134532378, 0.361260873, 0.133785316, 0.183111123, 0.125249682, 0.122039221, 0.117180135, 0.089199055, 0.10140191, 0.174641162, 0.171868106, 0.142235801, 0.183366531, 0.292152479, 0.073074004, 0.108198735, 0.159144071, 0.252354479, 0.17854775, 0.071939274, 0.135158543, 0.17851996, 0.267281703, 0.496822856, 0.118164539, 0.16321611, 0.192818349, 0.16669101, 0.152547658, 0.273825079, 0.077643989, 0.108969543, 0.304248967, 0.108673185, 0.204677431, 0.214252385, 0.347848136, 0.466758978, 0.108842993, 0.121543283, 0.17636913, 0.17702481, 0.104813149, 0.325492794, 0.207209707, 0.22721442, 0.18428381, 0.108896517, 0.303721894, 0.083433751, 0.30517689, 0.437120915, 0.306592307, 0.136851941, 0.175928863, 0.144932886, 0.53195857, 0.105435605, 0.167340625, 0.199560057, 0.428431377, 0.144253694, 0.206192363, 0.207730332, 0.071454725, 0.219960913, 0.147072893, 0.131029488, 0.321968692, 0.238207979, 0.119952546, 0.115130305, 0.172000857, 0.116967902, 0.138584861, 0.097250985, 0.072908162, 0.181347365, 0.187064136, 0.251791696, 0.157988299, 0.102351936, 0.173568808, 0.113615645, 0.148005513, 0.308779352, 0.476050537, 0.342057413, 0.375606667, 0.110903003, 0.147976649, 0.117731847, 0.126504148, 0.101361456, 0.186242829, 0.223246923, 0.081144108, 0.242179679, 0.118266146, 0.190506012, 0.225772747, 0.18099282, 0.186745176, 0.145048477, 0.178677245, 0.13484469, 0.294004698, 0.092401478, 0.1302704, 0.200264972, 0.184938045, 0.213428937, 0.11752484, 0.173228595, 0.229696374, 0.123225391, 0.135568954, 0.109738208, 0.105413189, 0.085260763, 0.181419122, 0.153379745, 0.229802275, 0.128880331, 0.103017411, 0.180460343, 0.639040546, 0.232239719, 0.221103404, 0.248526042, 0.093284976, 0.10255551, 0.154508156, 0.08099043, 0.207008523, 0.112919145, 0.233163837, 0.233373532, 0.191646189, 0.109490243, 0.115808581, 0.181479402, 0.091161889, 0.159397275, 0.132322904, 0.186130486, 0.10405232, 0.16128046, 0.311402441, 0.09168248, 0.088657775, 0.390152069, 0.131231468, 0.199041744, 0.318632848, 0.22205498, 0.122173334, 0.339833914, 0.080508128, 0.14292288, 0.118390521, 0.271286204, 0.453195429, 0.088714093, 0.283793681, 0.227214335, 0.141517387, 0.092466077, 0.164500791, 0.274753409, 0.147244888, 0.412254496, 0.185846952, 0.146361213, 0.166276896, 0.106465085, 0.118356394, 0.142576329, 0.53710755, 0.301805295, 0.191139897, 0.289579808, 0.262138391, 0.158638492, 0.16694394, 0.242969267, 0.118500854, 0.157988955, 0.252328205, 0.173053464, 0.195829691, 0.166359799, 0.146994656, 0.245716451, 0.177278975, 0.165517284, 0.261756023, 0.187706879, 0.155536986, 0.33558011, 0.233766347, 0.111833835, 0.148881046, 0.088896147, 0.100632485, 0.117689785, 0.117933568, 0.243379067, 0.115189296, 0.098634107, 0.165641864, 0.165925628, 0.466347873, 0.093681274, 0.130145285, 0.232539683, 0.150121849, 0.112498058, 0.165949928, 0.15094995, 0.175043847, 0.123535582, 0.229476829, 0.168474695, 0.346765142, 0.177963481, 0.122899242, 0.17840537, 0.206880977, 0.235335653, 0.419679995, 0.345688753, 0.101989519, 0.123106315, 0.170662729, 0.127661357, 0.158901477, 0.118754737, 0.179758356, 0.137358626, 0.27370445, 0.211399062, 0.189745046, 0.094177006, 0.104408089, 0.196314959, 0.076808665, 0.230342845, 0.318734643, 0.16755902, 0.112134051, 0.238404879, 0.205708496, 0.209265596, 0.079784796, 0.297111455, 0.171870956, 0.267075438, 0.106632076, 0.185734567, 0.08957505, 0.108368522, 0.338111739, 0.304539253, 0.141842639, 0.126320584, 0.087896716, 0.135274482, 0.357824212, 0.382726969, 0.288669378, 0.156509239, 0.357877033, 0.136170634, 0.404557621, 0.182537999, 0.141766618, 0.159132361, 0.089950086, 0.433456954, 0.125818203, 0.186382501, 0.091023102, 0.135937144, 0.224236927, 0.165096508, 0.125684841, 0.19888266, 0.105767635, 0.351349689, 0.14462774, 0.169465743, 0.335043659, 0.117998456, 0.12770304, 0.111403979, 0.157332203, 0.527133016, 0.160119772, 0.207968051, 0.07318698, 0.23271556, 0.148738612, 0.313392448, 0.084123974, 0.125766483, 0.101273119, 0.130412104, 0.180375545, 0.102424686, 0.176523207, 0.106495465, 0.119091133, 0.090545027, 0.172735983, 0.566740344, 0.135481109, 0.191578896, 0.343628783, 0.191724997, 0.475366357, 0.177648068, 0.591733226, 0.152357657, 0.155222236, 0.170072967, 0.191943569, 0.168719643, 0.178631354, 0.241032551, 0.34344688, 0.28664014, 0.184132019, 0.289971574, 0.284466146, 0.258109015, 0.082369534, 0.118626917, 0.123215486, 0.171337061, 0.168158428, 0.139755318, 0.1439904, 0.136932329, 0.39753346, 0.289181131, 0.19550754, 0.09061212, 0.087734228, 0.242707398, 0.211130867, 0.12798781, 0.525705822, 0.104583646]","[0.000326697, 0.000324498, 0.000326211, 0.000329552, 0.00032647, 0.000324593, 0.000328626, 0.000327535, 0.000325232, 0.000327358, 0.000330052, 0.000325995, 0.000323492, 0.000321234, 0.000325567, 0.0003246, 0.00042461, 0.000418241, 0.000442585, 0.000421367, 0.00042243, 0.000323082, 0.000326272, 0.00032213, 0.000329436, 0.000324061, 0.000324978, 0.000326335, 0.000326512, 0.000325223, 0.000323939, 0.00032154, 0.000328787, 0.000322709, 0.000324951, 0.000324643, 0.000322841, 0.000354543, 0.000328252, 0.000319118, 0.000321359, 0.000327818, 0.000327187, 0.00032735, 0.000330436, 0.000326044, 0.000324938, 0.000362534, 0.00032716, 0.000324688, 0.000330049, 0.00032695, 0.000329576, 0.000328843, 0.000329421, 0.000328834, 0.000324883, 0.000331453, 0.000329371, 0.000328827, 0.000329005, 0.000326029, 0.000333697, 0.000324442, 0.000328508, 0.000321171, 0.000326797, 0.00032551, 0.000324436, 0.000320097, 0.000320878, 0.000333417, 0.000322251, 0.000320584, 0.0003259, 0.000324922, 0.000328204, 0.000358908, 0.000328459, 0.000321846, 0.000325736, 0.00032027, 0.000330442, 0.000323209, 0.00031842, 0.000310608, 0.000331203, 0.000328853, 0.000327586, 0.000324869, 0.000321824, 0.00032547, 0.000326906, 0.000324153, 0.000326558, 0.000322933, 0.000326006, 0.000332094, 0.000325726, 0.000321819, 0.000323639, 0.000328413, 0.000326772, 0.000330451, 0.000325251, 0.000329141, 0.000328133, 0.000448231, 0.000442323, 0.000420894, 0.00042262, 0.000318502, 0.000329609, 0.00033279, 0.000321116, 0.000331084, 0.000358889, 0.000323316, 0.000329514, 0.000360061, 0.000323846, 0.000328041, 0.000324985, 0.000324336, 0.000333121, 0.000341329, 0.000327988, 0.000323287, 0.000330396, 0.000326225, 0.000344405, 0.000325648, 0.00028428, 0.000281797, 0.00028563, 0.000285686, 0.000285188, 0.000297877, 0.000331286, 0.000325485, 0.000329242, 0.000328932, 0.000326042, 0.000333442, 0.000326991, 0.000323675, 0.000326664, 0.000330428, 0.000325162, 0.00032436, 0.000331995, 0.000284117, 0.000332642, 0.000287315, 0.000280791, 0.000285222, 0.000281799, 0.000284613, 0.000281982, 0.000283851, 0.000282409, 0.000287444, 0.000287903, 0.000283411, 0.0002902, 0.000327183, 0.000331098, 0.000318325, 0.000326081, 0.000320803, 0.000333958, 0.000328584, 0.000319511, 0.000356142, 0.000327138, 0.000335115, 0.000321852, 0.000320246, 0.000323702, 0.000323198, 0.000429016, 0.000315937, 0.000284562, 0.000284925, 0.000283328, 0.000282178, 0.000282305, 0.000286281, 0.000295954, 0.000289754, 0.000287378, 0.000286693, 0.000328714, 0.000286452, 0.000282278, 0.000296605, 0.00028464, 0.000289038, 0.00028469, 0.000299476, 0.00027963, 0.000294794, 0.000284051, 0.000289463, 0.000285765, 0.000288087, 0.000284077, 0.000282652, 0.000281573, 0.000328465, 0.000326898, 0.000328757, 0.000329885, 0.000326995, 0.000328221, 0.000328708, 0.00033057, 0.000321683, 0.000327088, 0.00032815, 0.000309408, 0.000286505, 0.000283842, 0.000285934, 0.000285324, 0.00028718, 0.000288648, 0.00028795, 0.000329915, 0.000324044, 0.000325267, 0.000327938, 0.000326751, 0.000324525, 0.000324814, 0.000328656, 0.000328989, 0.000327396, 0.000325139, 0.000322828, 0.000327394, 0.000324015, 0.000313866, 0.000325424, 0.000323709, 0.000325987, 0.000324799, 0.000325702, 0.000324327, 0.000327835, 0.000324417, 0.000328957, 0.000323346, 0.000326571, 0.00032687, 0.000327995, 0.000323702, 0.000323673, 0.000325251, 0.000327092, 0.000325877, 0.000321418, 0.000329314, 0.000327742, 0.000325491, 0.000320031, 0.000323839, 0.000326309, 0.00032577, 0.000321681, 0.000325903, 0.000325877, 0.000323719, 0.000345129, 0.000325369, 0.000324707, 0.000323367, 0.000365933, 0.000327067, 0.000326626, 0.000325214, 0.00032421, 0.00033923, 0.000325936, 0.000322637, 0.000320325, 0.000321475, 0.000322814, 0.000327305, 0.000325683, 0.000326236, 0.000328461, 0.000325924, 0.000322873, 0.000328748, 0.000329202, 0.000328717, 0.000324734, 0.000328814, 0.000323409, 0.000327835, 0.000321475, 0.000322059, 0.000330928, 0.000327761, 0.000327016, 0.00032728, 0.00032523, 0.000324396, 0.000327287, 0.00032798, 0.000333842, 0.000368002, 0.000322099, 0.000330786, 0.000328341, 0.000324881, 0.000326856, 0.000327955, 0.000327301, 0.00032442, 0.000324449, 0.000330345, 0.000328812, 0.000424147, 0.000417434, 0.000322647, 0.000326667, 0.000326944, 0.000325915, 0.0003393, 0.000323884, 0.000324346, 0.000322753, 0.000322127, 0.000326232, 0.000327377, 0.000326688, 0.000326284, 0.000326659, 0.000326175, 0.000326069, 0.000327856, 0.000324162, 0.000327588, 0.00032296, 0.000323436, 0.000328362, 0.000325953, 0.000330723, 0.000324011, 0.000326934, 0.000324352, 0.000324456, 0.000326618, 0.000322048, 0.000327983, 0.000327002, 0.000394622, 0.00033052, 0.000326674, 0.000316747, 0.000318958, 0.000328389, 0.000327978, 0.000323816, 0.000330315, 0.000321227, 0.000322928, 0.000319719, 0.000315859, 0.000314684, 0.000354879, 0.000335781, 0.000326869, 0.000335172, 0.000328991, 0.000330487, 0.000323174, 0.00033393, 0.000333037, 0.000426816, 0.000318046, 0.000319122, 0.000325532, 0.000341462, 0.000330166, 0.000325147, 0.000321521, 0.000330535, 0.000319853, 0.000323953, 0.000322189, 0.000315161, 0.000315966, 0.000322287, 0.000321658, 0.000423264, 0.000409703, 0.000433266, 0.000408176, 0.000410013, 0.000410881, 0.000405765, 0.000408391, 0.000328299, 0.000326261, 0.000320835, 0.000319823, 0.000423183, 0.000324156, 0.000339162, 0.000344085, 0.000371757, 0.000326025, 0.000321032, 0.000328105, 0.0003321, 0.000324897, 0.000322768, 0.000318719, 0.000361961, 0.000320602, 0.000329267, 0.000323308, 0.000325799, 0.000327453, 0.000325208, 0.000447643, 0.000419978, 0.000416994, 0.000418523, 0.000324008, 0.000432894, 0.000324729, 0.000329756, 0.000322234, 0.000325688, 0.000316852, 0.000328394, 0.000326314, 0.000330307, 0.000323871, 0.00032836, 0.0003242, 0.000323814, 0.000419449, 0.000419875, 0.000324671, 0.000319753, 0.000323742, 0.000325554, 0.000325525, 0.00033232, 0.000322443, 0.000324151, 0.000425296, 0.000330644, 0.000324447, 0.00033818, 0.000325387, 0.000323506, 0.000326356, 0.000326164, 0.000421395, 0.000322867, 0.000327453, 0.00032045, 0.000317108, 0.000322955, 0.000320118, 0.000330084, 0.000322938, 0.0003254, 0.000327272, 0.000325906, 0.000324909, 0.000324679, 0.000325738, 0.0003224, 0.000329117, 0.000331058, 0.00033706, 0.000330007, 0.000329301, 0.000328465, 0.000323493, 0.00032957, 0.000325204, 0.000323394, 0.000324942, 0.000319133, 0.000327388, 0.000332003, 0.000361125, 0.000327063, 0.000333176, 0.000319654, 0.00032704, 0.00031688, 0.00032389, 0.00032682, 0.000324883, 0.000325143, 0.00031807, 0.000316875, 0.000317226, 0.000316011, 0.000319529, 0.000353835, 0.000324736, 0.000318728, 0.000319798, 0.00031827, 0.00031829, 0.000327141, 0.000327928, 0.000311381, 0.000322133, 0.000322665, 0.000321335, 0.000329586, 0.000325828, 0.000320882, 0.000317806, 0.000319447, 0.000318901, 0.000322137, 0.000319479, 0.000319838, 0.000320538, 0.000318479, 0.000318399, 0.000320897, 0.000316907, 0.000319768, 0.000316954, 0.000318192, 0.000318903, 0.000317505, 0.000335816, 0.000321097, 0.000316317, 0.000323466, 0.000317281, 0.000316635, 0.000319764, 0.000319876, 0.000319726, 0.000319045, 0.000319048, 0.00031776, 0.000318251, 0.000323597, 0.000320217, 0.000327615, 0.000321955, 0.000316809, 0.000317241, 0.000316484, 0.00031596, 0.000321173, 0.000315973, 0.000324301, 0.000310779, 0.000319766, 0.000320825, 0.000323409, 0.000353649, 0.000317538, 0.000317806, 0.000316442, 0.000319066, 0.00031895, 0.000320141, 0.000355336, 0.000316838, 0.000313509, 0.000320798, 0.000409611, 0.000410394, 0.00040999, 0.000408184, 0.000409701, 0.000411381, 0.000409666, 0.000409397, 0.000336712, 0.000338518, 0.000323989, 0.000320547, 0.000321632, 0.000322354, 0.000316963, 0.000325124, 0.000320922, 0.000343967, 0.000319667, 0.000324366, 0.000324613, 0.000315357, 0.000325675, 0.000318964, 0.000322686, 0.000317249, 0.000315376, 0.000321152, 0.000315612, 0.000319985, 0.00032847, 0.000329035, 0.000321639, 0.000325997, 0.000321873, 0.00031903, 0.000323293, 0.000319597, 0.000315326, 0.000319473, 0.000324181, 0.000322188, 0.000315176, 0.000317589, 0.000319325, 0.000319415, 0.00031661, 0.000408239, 0.000404567, 0.000410819, 0.000410294, 0.00043748, 0.000407655, 0.000321709, 0.000319059, 0.000321027, 0.000323295, 0.000322962, 0.000320855, 0.000320842, 0.000321577, 0.00031302, 0.000325691, 0.000327156, 0.000327803, 0.000329904, 0.00031854, 0.000327198, 0.000320021, 0.00034396, 0.000328599, 0.000320709, 0.000318242, 0.000322855, 0.000417145, 0.000319623, 0.000317553, 0.000318384, 0.000321418, 0.000334794, 0.000318, 0.000324017, 0.000316473, 0.000320314, 0.000424442, 0.000320061, 0.000410716, 0.000412532, 0.00032883, 0.000322601, 0.000325982, 0.000327947, 0.000322267, 0.00035629, 0.000322864, 0.000320854, 0.000330026, 0.000321988, 0.000329212, 0.000354339, 0.000325981, 0.000329577, 0.000324148, 0.000322295, 0.000327952, 0.00037458, 0.000351103, 0.00033001, 0.000329971, 0.000323392, 0.0003238, 0.000316466, 0.000322053, 0.000314865, 0.000321926, 0.000317783, 0.000317262, 0.000316091, 0.000319026, 0.000320529, 0.00031731, 0.000319871, 0.000320646, 0.000319819, 0.00031876, 0.000321145, 0.000413281, 0.000319996, 0.000316994, 0.000322175, 0.000323251, 0.000409289, 0.000412787, 0.000411603, 0.000410452, 0.000408835, 0.000410712, 0.000410136, 0.00040942, 0.00040988, 0.000345785, 0.000631319, 0.000321753, 0.000318631, 0.000308977, 0.000317536, 0.000320801, 0.000318099, 0.000326616, 0.000323827, 0.000327481, 0.000328528, 0.000326431, 0.000324658, 0.000321561, 0.000318603, 0.000319848, 0.000367595, 0.000327071, 0.000319026, 0.000323692, 0.000322237, 0.000330241, 0.000327966, 0.000327552, 0.000333669, 0.000323232, 0.000321438, 0.000331819, 0.000324977, 0.000326753, 0.000323951, 0.00032412, 0.000321715, 0.000320939, 0.000327552, 0.000326113, 0.00032735, 0.000347914, 0.000318791, 0.000318599, 0.000339338, 0.000316699, 0.000321568, 0.000320379, 0.000316837, 0.000317631, 0.000324109, 0.000322044, 0.000321777, 0.000318034, 0.000328824, 0.000316911, 0.000318177, 0.00032219, 0.000317245, 0.000322496, 0.000318821, 0.000324152, 0.000315409, 0.000346241, 0.000320791, 0.000325712, 0.000325346, 0.000320987, 0.000568215, 0.000320966, 0.000352727, 0.000362667, 0.000322611, 0.000323236, 0.000317371, 0.000318517, 0.000316467, 0.000353316, 0.000314327, 0.000321331, 0.000323287, 0.000322, 0.00032786, 0.000326988, 0.000316422, 0.000446869, 0.000420801, 0.000417241, 0.000414747, 0.000321931, 0.000328932, 0.000330877, 0.000318118, 0.000319131, 0.00032336, 0.00032211, 0.000327803, 0.000333768, 0.00032474, 0.000326135, 0.000323816, 0.000330025, 0.00032768, 0.000322913, 0.000317378, 0.000319015, 0.000323423, 0.000322298, 0.000325305, 0.000303734, 0.000418797, 0.000412076, 0.000410971, 0.000409372, 0.000419353, 0.000318098, 0.000319701, 0.000319741, 0.000315646, 0.000332995, 0.000322724, 0.000316268, 0.000321238, 0.000320991, 0.000320107, 0.000326002, 0.000320846, 0.000318125, 0.000320652, 0.000319996, 0.000325531, 0.00032203, 0.000324437, 0.000320474, 0.000320854, 0.00034465, 0.000316013, 0.000322286, 0.000319753, 0.000325497, 0.000316707, 0.000321218, 0.000318502, 0.000323445, 0.000318171, 0.000323373, 0.000319168, 0.000320879, 0.000326103, 0.000351588, 0.000323683, 0.000314817, 0.000322376, 0.000315749, 0.000321215, 0.000330875, 0.000317904, 0.000326964, 0.000322466, 0.000323122, 0.000322204, 0.000321859, 0.000327654, 0.000326472, 0.00032751, 0.000326472, 0.000362385, 0.000336517, 0.000333704, 0.000333208, 0.000330968, 0.000331106, 0.000434758, 0.000407968, 0.000318966, 0.000319525, 0.000324924, 0.000319477, 0.000319369, 0.00032577, 0.000320949, 0.000325249, 0.00032563, 0.000320903, 0.000318602, 0.00031946, 0.000315056, 0.000319806, 0.000322, 0.000323337, 0.000733556, 0.000321945, 0.0003192, 0.000319953, 0.000320089, 0.000317354, 0.000318962, 0.000319704, 0.000320213, 0.000365979, 0.000318544, 0.000320985, 0.000315929, 0.000321456, 0.000324772, 0.000324636, 0.000317458, 0.000324295, 0.00032213, 0.000320183, 0.000319129, 0.000313102, 0.000331454, 0.000322953, 0.000332332, 0.000353799, 0.000312632, 0.000322074, 0.000325078, 0.000323951, 0.00032597, 0.000316141, 0.000323285, 0.000318622, 0.000322861, 0.000324226, 0.000317684, 0.00032431, 0.000315952, 0.00031927, 0.000319234, 0.000322263, 0.000348821, 0.000322371, 0.000324799, 0.000418576, 0.000320713, 0.000323333, 0.00032235, 0.00031974, 0.000315777, 0.000325048, 0.000317078, 0.000316928, 0.000318376, 0.000322186, 0.000321459, 0.000321725, 0.000319926, 0.000325643, 0.000326, 0.000320445, 0.000316863, 0.000330619, 0.000322977, 0.000325928, 0.000318675, 0.00031797, 0.000321493, 0.000452602, 0.000407805, 0.000415897, 0.000406821, 0.000422417, 0.00041522, 0.000418502, 0.00031468, 0.000318318, 0.000319431, 0.000326156, 0.000320909, 0.000316226, 0.000321103, 0.000319249, 0.000318656, 0.000317228, 0.000317563, 0.000348643, 0.000318526, 0.000322646, 0.00032216, 0.000321612, 0.000317774, 0.000318629, 0.000318958, 0.000321863, 0.000320211, 0.000322186, 0.00031598, 0.000322485, 0.000317338, 0.000326301, 0.000316882, 0.000320215, 0.000318226, 0.000355404, 0.000317053, 0.000324527, 0.000316449, 0.000315848, 0.000314406, 0.000322242, 0.000322274, 0.000324183, 0.000316285, 0.000325609, 0.000322169, 0.000323048, 0.000323576, 0.000317811, 0.000316369, 0.000304538, 0.000321352, 0.000315135, 0.000312416, 0.000395124, 0.000315114, 0.00032751, 0.000316382, 0.000323816, 0.000314788, 0.000322008, 0.00034301, 0.000322632, 0.000320736, 0.000312156, 0.000323383, 0.000340498, 0.000419008, 0.000409621, 0.000413933, 0.000410112, 0.00042001, 0.000407608, 0.000416876, 0.000424444, 0.000409303, 0.000419388, 0.000410307, 0.000449622, 0.000418536, 0.000407961, 0.000419947, 0.000318005, 0.000316402, 0.000327209, 0.000317926, 0.000321346, 0.000324645, 0.000325687, 0.00031691, 0.000320622, 0.000320154, 0.000318358, 0.000317047, 0.000327419, 0.00031549, 0.000354548, 0.000317072, 0.000315897, 0.000320149, 0.00032718, 0.000318372, 0.000324767, 0.000322934, 0.000317874, 0.000319273, 0.000424065, 0.000418534, 0.000439865, 0.000318996, 0.000323443, 0.000317435, 0.000325306, 0.000318513, 0.000323679, 0.000315688, 0.000324652, 0.000315631, 0.000323966, 0.000322199, 0.000318719, 0.000318581, 0.000324198, 0.000315859, 0.000318169, 0.000311511, 0.00032039, 0.000322232, 0.000315657, 0.00031542, 0.000414059, 0.000316741, 0.000321611, 0.000314887, 0.000316734, 0.000317625, 0.000318473, 0.000317416, 0.000317817, 0.000322592, 0.000322685, 0.00031462, 0.000326077, 0.00031465, 0.000314254, 0.000318553, 0.000349383, 0.000319603, 0.000317551, 0.000316825, 0.000322857, 0.000318521, 0.000317448, 0.000313926, 0.000320679, 0.000316658, 0.000317084, 0.000317231, 0.000317032, 0.000326139, 0.000318863, 0.000315617, 0.000316713, 0.000315408, 0.000321738, 0.000318735, 0.000342309, 0.000322706, 0.000331241, 0.000326839, 0.000345954, 0.00032081, 0.000318574, 0.000327573, 0.000691791, 0.000318939, 0.000321557, 0.000321005, 0.000323738, 0.000319152, 0.000320565, 0.000314857, 0.000322519, 0.000321441, 0.000317574, 0.000321188, 0.000321808, 0.000319974, 0.000319934, 0.000314726, 0.000349389, 0.000316446, 0.000325756, 0.000325407, 0.000318992, 0.000326185, 0.000326835, 0.000343598, 0.000336963, 0.000331689, 0.000329383, 0.000327706, 0.00035271, 0.000330094, 0.000328877, 0.000379052, 0.000328029, 0.000323, 0.000326636, 0.000326567, 0.000322764, 0.00032809, 0.000329142, 0.00032816, 0.000330153, 0.00033128, 0.00032777, 0.000325502, 0.0003277, 0.000327175, 0.000324924, 0.000326411, 0.000326341, 0.000327425, 0.000330944, 0.000329797, 0.000324373, 0.000328607, 0.000320743, 0.000341218, 0.000323873, 0.000321713, 0.000330718, 0.000326977, 0.000331774, 0.000323949, 0.000327706, 0.000346935, 0.000322065, 0.000331425, 0.000428056, 0.000425803, 0.000421956, 0.000417572, 0.000415492, 0.000416583, 0.000414688, 0.000427856, 0.000415827, 0.000417648, 0.000420871, 0.000320057, 0.000336902, 0.00031421, 0.000321247, 0.000333286, 0.000319977, 0.000316903, 0.00032027, 0.00033383, 0.000315253, 0.000314819, 0.000323567, 0.00033845, 0.000321506, 0.000315154, 0.000337758, 0.000331423, 0.000330748, 0.000329352, 0.000364865, 0.000339914, 0.000362927, 0.000422702, 0.000425031, 0.000422911, 0.000423812, 0.000422312, 0.000424512, 0.000450115, 0.000425082, 0.000425303, 0.00042436, 0.00042632, 0.000427675, 0.000423337, 0.000316477, 0.000327854, 0.000320137, 0.000326769, 0.000331938, 0.000333532, 0.000330269, 0.00032868, 0.000338075, 0.000327082, 0.000331514, 0.000336473, 0.000327282, 0.000326748, 0.00032968, 0.000329757, 0.000333218, 0.000331606, 0.000327463, 0.00033129, 0.000359228, 0.000322584, 0.000325377, 0.000329166, 0.000330288, 0.000335821, 0.000318308, 0.000321401, 0.000323808, 0.000319072, 0.00031927, 0.000317217, 0.000323668, 0.000323593, 0.000323134, 0.00041742, 0.000418586, 0.000440775, 0.000416861, 0.000326801, 0.000324046, 0.000316707, 0.000318768, 0.0003138, 0.000317536, 0.00031774, 0.000320213, 0.000324987, 0.00032049, 0.000321412, 0.000312123, 0.000316053, 0.000316572, 0.000318358, 0.000564375, 0.000546456, 0.00031762, 0.000320264, 0.000324135, 0.000328888, 0.000320099, 0.000320188, 0.000332063, 0.000321643, 0.000322411, 0.000322148, 0.000319796, 0.000318333, 0.000321574, 0.000322213, 0.000320441, 0.000321341, 0.000320738, 0.000323135, 0.000329624, 0.000331896, 0.000323177, 0.000322265, 0.000319165, 0.000320044, 0.000326645, 0.000316665, 0.000317462, 0.000325989, 0.000321312, 0.000326155, 0.000319375, 0.000329672, 0.000349826, 0.000315703, 0.000318532, 0.00032119, 0.000328537, 0.000320618, 0.000329753, 0.000408887, 0.000418597, 0.000408319, 0.000418194, 0.000407265, 0.000417964, 0.00031847, 0.000321379, 0.000320563, 0.000316549, 0.00032324, 0.000324269, 0.000316502, 0.000318114, 0.000317272, 0.000319409, 0.000322747, 0.000324358, 0.000328276, 0.000324072, 0.000330461, 0.000325075, 0.000327748, 0.000357343, 0.000323044, 0.000322626, 0.000325048, 0.00032011, 0.000322141, 0.000322388, 0.000327531, 0.000323293, 0.000316462, 0.00032736, 0.000317882, 0.000336433, 0.000319169, 0.000314943, 0.000352218, 0.000348133, 0.000315403, 0.000319664, 0.000328086, 0.000321975, 0.000326223, 0.000328206, 0.000321358, 0.000330748, 0.000331126, 0.000328843, 0.000331155, 0.000327421, 0.000354476, 0.000322416, 0.000329588, 0.000323249, 0.000329959, 0.000315724, 0.000329663, 0.000326503, 0.000329322, 0.000334936, 0.000332417, 0.000328641, 0.000329548, 0.00032979, 0.000430181, 0.000419764, 0.000328001, 0.000420344, 0.00041912, 0.000441487, 0.000326497, 0.000325339, 0.000327976, 0.000340275, 0.000323396, 0.000321784, 0.000325818, 0.000325175, 0.000323651, 0.000328389, 0.000328328, 0.000332516, 0.000329535, 0.000325909, 0.000325825, 0.00032035, 0.000323255, 0.000320572, 0.000320928, 0.000321013, 0.000327337, 0.000323053, 0.000315749, 0.000316125, 0.000322038, 0.00032009, 0.000322287, 0.000323489, 0.000316575, 0.000362579, 0.000316258, 0.000314824, 0.000322246, 0.000321574, 0.000325449, 0.000325069, 0.00031233, 0.000328869, 0.000317399, 0.000324736, 0.00032141, 0.000314882, 0.000347717, 0.000319009, 0.000325649, 0.000318452, 0.000320139, 0.000326746, 0.000317146, 0.000319074, 0.000321335, 0.000323033, 0.000318085, 0.000323381, 0.000322445, 0.000319211, 0.000321449, 0.0003195, 0.000316376, 0.000323814, 0.000319213, 0.000329754, 0.000315954, 0.000334621, 0.000319224, 0.000322673, 0.000322517, 0.000322361, 0.000322319, 0.000331374, 0.000320393, 0.000326061, 0.000315962, 0.000329372, 0.000319057, 0.000316941, 0.000323685, 0.000321428, 0.000315941, 0.000326941, 0.00032139, 0.000318525, 0.000408999, 0.000409948, 0.000408594, 0.000410701, 0.000408725, 0.000407444, 0.000408659, 0.000411454, 0.000409659, 0.000411336, 0.000409469, 0.000405919, 0.000411796, 0.000409364, 0.000356008, 0.000320907, 0.000325717, 0.00032674, 0.00034985, 0.000335389, 0.000327799, 0.000329824, 0.000327358, 0.000332373, 0.000331999, 0.000320489, 0.000322894, 0.000313775, 0.0003264, 0.00036623, 0.000324544, 0.000321772, 0.000320285, 0.000318175, 0.000321466, 0.000319189, 0.000323345, 0.000318698, 0.000321979, 0.000314587, 0.000351702, 0.000346799, 0.000317762, 0.000314673, 0.000321409, 0.000325261, 0.000320198, 0.000317622, 0.000329776, 0.000322141, 0.000320336, 0.000318011, 0.000318167, 0.000324546, 0.000324941, 0.000323492, 0.000317667, 0.000314638, 0.000324354, 0.000321531, 0.00032251, 0.000323884, 0.000315298, 0.000319912, 0.000313636, 0.000352377, 0.000321996, 0.000323985, 0.000317291, 0.000316897, 0.000316288, 0.000322248, 0.000695355, 0.000331849, 0.000316074, 0.000318698, 0.00031931, 0.000321783, 0.000318399, 0.000418427, 0.00032151, 0.000316756, 0.000315047, 0.000320213, 0.000322131, 0.00032124, 0.000319293, 0.000328309, 0.000319044, 0.000345375, 0.000320757, 0.000315428, 0.000319057, 0.000319015, 0.000327335, 0.000318148, 0.000315755, 0.000355647, 0.000318432, 0.000319139, 0.000320375, 0.000319679, 0.000321428, 0.000326747, 0.000341789, 0.000312957, 0.000323569, 0.000342931, 0.000289753, 0.000320607, 0.000316304, 0.000329657, 0.000323075, 0.000317599, 0.000318745, 0.000319418, 0.000319584, 0.000320669, 0.000323879, 0.000322115, 0.00031893, 0.000316513, 0.00031842, 0.00033503, 0.000321122, 0.000327022, 0.000319327, 0.000322109, 0.000319937, 0.000413566, 0.00032867, 0.000323883, 0.000339953, 0.000317877, 0.000317557, 0.000351021, 0.000316975, 0.000322937, 0.000316985, 0.000369667, 0.000316057, 0.000321599, 0.000357629, 0.000334613, 0.000323603, 0.000319903, 0.000320033, 0.00031818, 0.000324605, 0.000321291, 0.00032173, 0.000358381, 0.000320973, 0.000326558, 0.000317169, 0.000316201, 0.000313847, 0.000426906, 0.000421079, 0.000421226, 0.000424742, 0.00042514, 0.000418525, 0.00041966, 0.000423655, 0.000419592, 0.000420637, 0.000408952, 0.000417009, 0.000411391, 0.000417886, 0.000404904, 0.000416954, 0.000407732, 0.000419601, 0.000320844, 0.000315661, 0.000338435, 0.000317695, 0.000356116, 0.000316646, 0.000318639, 0.000314349, 0.000318361, 0.000317068, 0.000317943, 0.000319228, 0.000326105, 0.000320198, 0.000361095, 0.000316669, 0.000317812, 0.000325807, 0.000315444, 0.000316291, 0.000349868, 0.000322462, 0.000341104, 0.00031897, 0.000318335, 0.000344108, 0.000304057, 0.000317152, 0.000319289, 0.000317021, 0.000320895, 0.000317424, 0.000323476, 0.000326555, 0.000319703, 0.000334368, 0.000323806, 0.000317927, 0.000325339, 0.000314945, 0.000326075, 0.000327329, 0.00034303, 0.000321536, 0.000317954, 0.00031955, 0.000321688, 0.000319513, 0.000328948, 0.000314026, 0.000324381, 0.000323997, 0.000319585, 0.000318334, 0.000323167, 0.00031352, 0.000321437, 0.000317302, 0.000317447, 0.000320401, 0.000321471, 0.000319851, 0.000325124, 0.000320783, 0.000315478, 0.000317348, 0.000315961, 0.000297204, 0.000318061, 0.000318032, 0.000314441, 0.0003482, 0.000319211, 0.000319068, 0.000326871, 0.000323573, 0.00031974, 0.00031876, 0.000315878, 0.000319293, 0.000315321, 0.00031681, 0.00031852, 0.000324774, 0.000322352, 0.000325316, 0.000364245, 0.000334117, 0.000337627, 0.000326482, 0.000329602, 0.000325628, 0.000329978, 0.000332938, 0.000454294, 0.000332959, 0.000331405, 0.000325786, 0.000335366, 0.000332506, 0.000326868, 0.000325871, 0.000322343, 0.000321534, 0.000318908, 0.000317165, 0.000313923, 0.000317506, 0.00032463, 0.000314962, 0.000313588, 0.000319728, 0.000322995, 0.00032524, 0.000316918, 0.000315962, 0.000316356, 0.000315264, 0.000320631, 0.00034428, 0.000318881, 0.000316692, 0.000319184, 0.000316895, 0.000317205, 0.000325867, 0.000322335, 0.000313986, 0.00032258, 0.000425105, 0.00031535, 0.000323779, 0.00031121, 0.000313509, 0.00031593, 0.00032155, 0.000321943, 0.000321805, 0.000323479, 0.000319531, 0.000317405, 0.000319006, 0.000321038, 0.000327223, 0.000315756, 0.000319924, 0.000315207, 0.000314909, 0.00031859, 0.000320391, 0.000323318, 0.000316749, 0.000324462, 0.000317933, 0.000316559, 0.00031769, 0.0003215, 0.000317827, 0.0003215, 0.000344603, 0.000316935, 0.000319048, 0.000316454, 0.00031064, 0.000322109, 0.000319764, 0.000314612, 0.000319915, 0.000326108, 0.000317916, 0.000318566, 0.000320268, 0.00031781, 0.000316036, 0.000320909, 0.000370402, 0.000319559, 0.000319578, 0.000318948, 0.000320315, 0.000322225, 0.000327556, 0.000321743, 0.000354396, 0.000322464, 0.000317081, 0.00032062, 0.000351462, 0.000316508, 0.000322858, 0.000322007, 0.000336402, 0.000322244, 0.000321004, 0.000319183, 0.000318395, 0.000320622, 0.000316904, 0.000410068, 0.000326116, 0.000351311, 0.00032149, 0.000323649, 0.000316771, 0.000320521, 0.000318367, 0.000321886, 0.000322443, 0.000320703, 0.000316492, 0.000325691, 0.000317891, 0.000317243, 0.000318384, 0.00031912, 0.000322356, 0.000354113, 0.00031868, 0.000322382, 0.000318359, 0.000319711, 0.000324461, 0.000326498, 0.000319088, 0.000326993, 0.000317522, 0.000326555, 0.000320799, 0.00032041, 0.000320149, 0.000312741, 0.000320202, 0.000316401, 0.000324561, 0.000319878, 0.000319017, 0.000337224, 0.000324305, 0.00031811, 0.000322118, 0.000322807, 0.00032007, 0.000317496, 0.000318019, 0.000321114, 0.000321922, 0.000320597, 0.00031958, 0.000321727, 0.00031627, 0.000312889, 0.000324559, 0.000347426, 0.000334977, 0.00031618, 0.000318078, 0.000315332, 0.000335991, 0.000419628, 0.000411884, 0.000415617, 0.000419934, 0.000322276, 0.000319165, 0.000319686, 0.000322559, 0.000322954, 0.000320487, 0.000318101, 0.000327727, 0.000320903, 0.000426874, 0.000348358, 0.000322552, 0.000319133, 0.000322624, 0.000317506, 0.000315347, 0.000414627, 0.000413061, 0.000325916, 0.000317918, 0.000319496, 0.000336708, 0.000318941, 0.000318329, 0.000324907, 0.000325365, 0.000411459, 0.000332771, 0.000316218, 0.000332003, 0.000319669, 0.0003261, 0.000316454, 0.000325725, 0.000326423, 0.000325803, 0.000319287, 0.000319858, 0.000322686, 0.000322893, 0.000386253, 0.000319327, 0.00031923, 0.000317954, 0.00032492, 0.000339558, 0.000324816, 0.000329037, 0.000320188, 0.000322924, 0.000320879, 0.000321694, 0.000318038, 0.000331937, 0.000333146, 0.000348582, 0.000337069, 0.000331723, 0.000370443, 0.000326586, 0.000320293, 0.00032733, 0.000316344, 0.000320831, 0.000320508, 0.000324664, 0.000323856, 0.000323129, 0.000327124, 0.000322572, 0.000319175, 0.000316424, 0.00031704, 0.00031791, 0.000322166, 0.000324636, 0.000322173, 0.00035517, 0.000318947, 0.00032754, 0.000336484, 0.000326276, 0.000319787, 0.000317614, 0.000337197, 0.000320713, 0.000336931, 0.00032062, 0.000339391, 0.000323917, 0.000315254, 0.000323097, 0.00032158, 0.000353001, 0.000322238, 0.000323533, 0.000321143, 0.000321842, 0.000327135, 0.00032405, 0.000294002, 0.000319456, 0.000318626, 0.000324141, 0.000329908, 0.000329708, 0.000326955, 0.000318167, 0.000317418, 0.000321277, 0.000323757, 0.000327603, 0.000317591, 0.000321466, 0.000322038, 0.000324684, 0.000319542, 0.00031955, 0.000324725, 0.000327516, 0.000326932, 0.000319688, 0.000317683, 0.000319443, 0.000318646, 0.000326768, 0.000316854, 0.000377921, 0.000323325, 0.000326784, 0.000320341, 0.000318707, 0.000314939, 0.000325736, 0.000317656, 0.000321218, 0.000318873, 0.000322308, 0.000324679, 0.00032724, 0.000319095, 0.000319242, 0.000317207, 0.000318376, 0.000317296, 0.000319183, 0.000320524, 0.00031757, 0.000322983, 0.000333704, 0.000324035, 0.000311701, 0.000325272, 0.000317422, 0.000315574, 0.00033864, 0.000320492, 0.000324287, 0.000320154, 0.000319992, 0.000413504, 0.000322457, 0.000318933, 0.000317542, 0.000322038, 0.000317418, 0.000325053, 0.000324447, 0.000317918, 0.000321565, 0.000321021, 0.000319728, 0.000317481, 0.000319707, 0.000324233, 0.000324696, 0.000329668, 0.000314197, 0.000339862, 0.000321696, 0.000321614, 0.000412939, 0.000340954, 0.000326116, 0.000327565, 0.000320852, 0.000407856, 0.000333142, 0.000323814, 0.000317337, 0.000322291, 0.000322271, 0.000414382, 0.000413665, 0.000412528, 0.000334664, 0.00031959, 0.000326305, 0.000321417, 0.000322979, 0.000326719, 0.000321879, 0.000326375, 0.000327109, 0.000413395, 0.000412872, 0.000412085, 0.000415039, 0.000412752, 0.00041322, 0.000323164, 0.000348349, 0.000325132, 0.000326738, 0.000328582, 0.000322958, 0.000304271, 0.00032427, 0.00031468, 0.000319437, 0.000323711, 0.00032435, 0.00031726, 0.000319026, 0.000318314, 0.000324845, 0.000320076, 0.000323911, 0.000324288, 0.000332269, 0.000318198, 0.000327014, 0.000318321, 0.000319036, 0.000326075, 0.000321759, 0.000697739, 0.000357944, 0.000317951, 0.000326558, 0.000319112, 0.000316169, 0.000322162, 0.00032928, 0.000321902, 0.00032771, 0.00032289, 0.000321363, 0.000328852, 0.000323922, 0.000313553, 0.000319337, 0.00031912, 0.000321554, 0.000320589, 0.000326128, 0.000320405, 0.000324518, 0.000324776, 0.000317332, 0.000323388, 0.000332276, 0.000321454, 0.000308915, 0.000321293, 0.00033884, 0.000321871, 0.000322103, 0.000315948, 0.000315705, 0.00031726, 0.000323674, 0.000316595, 0.000320551, 0.000323082, 0.000324244, 0.000410876, 0.000413712, 0.000326042, 0.000317819, 0.000312022, 0.000322077, 0.00031707, 0.000319538, 0.000318435, 0.000317924, 0.000323645, 0.000320327, 0.000319401, 0.000327668, 0.000325634, 0.000324886, 0.000322276, 0.000328997, 0.000319101, 0.000332041, 0.000319135, 0.000324284, 0.000317427, 0.000324029, 0.000352451, 0.000321382, 0.000327343, 0.000322869, 0.000316198, 0.000344099, 0.000321639, 0.000325429, 0.000321449, 0.000318517, 0.00032346, 0.000328831, 0.000320534, 0.000335505, 0.000325365, 0.000314298, 0.000325824, 0.000324181, 0.00031488, 0.000332638, 0.000332613, 0.000323031, 0.000318775, 0.000353077, 0.000322289, 0.00033295, 0.000323939, 0.000318751, 0.000319285, 0.000322652, 0.000319491, 0.000330078, 0.000320679, 0.000321978, 0.000323502, 0.000317893, 0.000299236, 0.000330537, 0.000323067, 0.000323314, 0.0003192, 0.000321413, 0.000325534, 0.000332406, 0.000325839, 0.00032035, 0.000343333, 0.000327368, 0.00031996, 0.000327141, 0.000319278, 0.000325548, 0.000319289, 0.000327898, 0.000320299, 0.000318645, 0.000324437, 0.00032311, 0.000318686, 0.000326113, 0.000321295, 0.000323685, 0.00031661, 0.000317893, 0.000319308, 0.000326374, 0.00032204, 0.000321603, 0.000335458, 0.000323785, 0.000320512, 0.000326253, 0.000323741, 0.000334237, 0.000695931, 0.000354826, 0.00031669, 0.000319799, 0.000320713, 0.000321445, 0.000321141, 0.000409111, 0.000409107, 0.000411929, 0.000418591, 0.000408963, 0.000323306, 0.000326731, 0.000315867, 0.000321401, 0.000321551, 0.000322612, 0.000320901, 0.000324681, 0.000318206, 0.000317849, 0.000316024, 0.000327008, 0.000323483, 0.000326145, 0.000325219, 0.000319354, 0.000323639, 0.000330832, 0.00032266, 0.000326907, 0.000330575, 0.000325023, 0.000318884, 0.000326966, 0.000315935, 0.000319247, 0.000319452, 0.000319724, 0.000325569, 0.000326913, 0.000320715, 0.00031834, 0.000339821, 0.000330959, 0.000324145, 0.000323177, 0.000325577, 0.000323406, 0.000319344, 0.000319523, 0.000319972, 0.000339935, 0.000319361, 0.000322544, 0.000323073, 0.000324213, 0.000323812, 0.000321111, 0.00029685, 0.000318406, 0.000320162, 0.000322997, 0.000319971, 0.000323948, 0.00032251, 0.00035771, 0.00031577, 0.000329117, 0.000316781, 0.00032192, 0.000330263, 0.000318768, 0.000320078, 0.000326434, 0.000315441, 0.000324563, 0.000315209, 0.000345789, 0.000320085, 0.000325594, 0.000322103, 0.000325533, 0.000327775, 0.000318835, 0.000327643, 0.000321578, 0.000321097, 0.000324746, 0.000369086, 0.000323761, 0.000322127, 0.000370388, 0.000323038, 0.000336777, 0.000316194, 0.00037689, 0.00031994, 0.000316005, 0.000323661, 0.000441051, 0.000319811, 0.000321778, 0.000325029, 0.000326206, 0.000315555, 0.000324401, 0.000322633, 0.000320865, 0.000336958, 0.000316985, 0.000324618, 0.000316023, 0.000428339, 0.00032436, 0.000322247, 0.000325664, 0.000319538, 0.000326968, 0.000318823, 0.000323694, 0.000316654, 0.000323411, 0.000314783, 0.000324141, 0.000317973, 0.000326628, 0.000323774, 0.000330604, 0.000317776, 0.000318546, 0.00032274, 0.000321791, 0.000317119, 0.000318239, 0.000318264, 0.000353341, 0.000323006, 0.000315912, 0.000320132, 0.000322053, 0.000314487, 0.000330009, 0.000320171, 0.000318801, 0.000321219, 0.000319392, 0.000318021, 0.000297222, 0.000321635, 0.000335839, 0.000319723, 0.000318783, 0.000330657, 0.000321268, 0.00033792, 0.000322502, 0.000335703, 0.000337058, 0.000426875, 0.000426484, 0.000433524, 0.000429602, 0.000427105, 0.000429379, 0.00042666, 0.000429592, 0.000454535, 0.000427474, 0.00042671, 0.000426255, 0.000427739, 0.000427096, 0.000427421, 0.000426754, 0.000334267, 0.000324192, 0.000329252, 0.000324215, 0.000329201, 0.00033025, 0.000327776, 0.000332133, 0.000348556, 0.000325624, 0.000336427, 0.00033009, 0.000326053, 0.000331858, 0.000331288, 0.000330088, 0.000329767, 0.000338734, 0.000374324, 0.000325872, 0.000336119, 0.000332347, 0.000326809, 0.000326641, 0.000326041, 0.00033376, 0.000333986, 0.000328381, 0.000330687, 0.000327052, 0.000332459, 0.000329025, 0.000325139, 0.000325092, 0.000325238, 0.0003336, 0.000350111, 0.000327181, 0.000325333, 0.000335714, 0.000334011, 0.000342555, 0.000330917, 0.000335505, 0.000334548, 0.000336032, 0.000331917, 0.000325234, 0.000327134, 0.000332444, 0.000359489, 0.000329921, 0.000332208, 0.000330754, 0.000328864, 0.000323865, 0.000324567, 0.000321926, 0.0003233, 0.000320519, 0.000322797, 0.000323812, 0.000318812, 0.000320515, 0.000318036, 0.000319013, 0.000321825, 0.000336156, 0.000349942, 0.000324922, 0.000327212, 0.000334705, 0.000329957, 0.000378702, 0.000328693, 0.000342235, 0.000328265, 0.000328672, 0.000332488, 0.00032797, 0.000379139, 0.000327597, 0.000330364, 0.0003183, 0.000316161, 0.0003242, 0.0003183, 0.000334973, 0.00031568, 0.000323166, 0.00031777, 0.00031788, 0.000323364, 0.000336925, 0.000323044, 0.000321711, 0.000326879, 0.000329286, 0.000317749, 0.000324647, 0.000322485, 0.000326928, 0.000343875, 0.000369947, 0.000322563, 0.000326892, 0.000320397, 0.000341057, 0.000322453, 0.000319924, 0.000322352, 0.000320911, 0.000318688, 0.000316785, 0.000318607, 0.000316945, 0.00032403, 0.00032543, 0.000316924, 0.000324404, 0.000323847, 0.000320407, 0.00031895, 0.000314602, 0.000318833, 0.000325439, 0.000324667, 0.000320534, 0.000318148, 0.000319831, 0.000419549, 0.000434481, 0.000422789, 0.00042204, 0.000417846, 0.000423337, 0.000416818, 0.000422573, 0.000424814, 0.000420973, 0.000422597, 0.000322901, 0.000318308, 0.000312467, 0.000316372, 0.000319931, 0.000321417, 0.000317971, 0.000316319, 0.000321989, 0.000333514, 0.000320671, 0.000343872, 0.000321856, 0.000316987, 0.000312528, 0.000322323, 0.000327145, 0.000322668, 0.000316851, 0.000321317, 0.000324373, 0.000322983]"
